10.66
8.21
12.77
7.51
7.748
5.936
4.152
4.608
4.38
6.026
2.801
6.389
3.678
3.266
2.412
4.592
2.992
2.988
3.474
4.532
5.26
1.931
3.407
4.302
3.637
3.132
2.511
3.712
1.814
3.249
2.941
2.738
2.341
3.886
3.803
3.702
2.409
1.749
3.904
2.779
3.168
1.376
3.155
2.964
3.269
3.485
3.787
3.365
3.048
4.976
5.131
5.099
4.109
5.783
6.775
5.411
4.922
6.317
8.3
4.64
8.13
5.095
2.931
3.751
5.427
4.19
4.395
5.748
3.327
3.188
8.96
6.507
4.682
4.834
9.3
5.774
1.954
6.423
6.376
3.957
3.555
5.079
4.673
5.821
6.679
7.889
6.015
6.609
3.775
3.582
3.057
4.594
3.661
2.911
4.093
5.036
6.083
6.713
8.63
5.986
7.705
7.811
8.71
8.42
7.939
8.55
7.513
4.413
5.559
6.7
4.58
7.06
6.765
5.856
7.508
5.897
9.86
6.457
7.171
8.26
9.94
9.81
8.64
5.017
6.529
9.3
10.48
9.39
12.2
11.52
6.062
8.15
8.3
5.989
8.79
7.417
6.94
5.701
6.283
4.994
8.56
9.03
8.02
8.1
6.848
10.75
8.89
8.23
9.43
7.704
7.311
7.904
6.445
6.634
7.346
6.947
7.96
7.792
7.49
7.931
11.38
7.11
8.02
10.71
7.695
7.017
10.31
7.375
7.847
6.844
9.81
8.49
9.35
9.44
5.831
8.23
11.23
8.05
4.722
6.544
4.504
5.258
3.25
6.387
6.14
4.98
6.565
6.738
5.74
3.934
6.707
6.784
6.519
5.236
4.559
3.747
3.919
3.263
2.767
0.489
3.309
1.418
2.018
2.935
2.129
1.147
0.389
2.506
1.643
1.246
3.981
4.431
3.258
1.954
2.091
1.935
2.397
3.402
4.062
3.036
2.287
3.019
1.249
6.009
3.218
2.29
2.975
2.648
2.787
5.329
5.506
2.675
1.964
3.06
1.033
2.092
3.523
2.773
2.291
4.168
2.152
1.471
1.818
0.913
1.491
1.29
2.241
6.444
4.67
2.372
2.694
5.094
4.12
2.579
1.944
2.513
0.999
2.121
1.367
1.604
0.666
1.769
2.37
3.131
3.656
2.275
3.867
4.226
2.349
5.427
2.498
4.654
5.197
5.147
4.717
1.712
2.75
5.343
4.792
3.402
4.631
5.986
5.753
4.862
5.704
6.157
6.273
5.343
4.699
3.882
1.442
3.386
6.224
5.073
4.954
7.239
7.303
6.76
4.381
4.304
6.458
8.62
7.058
4.672
4.586
2.226
3.356
4.182
6.822
9.22
6.62
7.165
12.79
11.09
15.93
15.95
20.69
14.77
10.12
7.974
10.54
17.29
25.6
22.8
18.01
24.54
21.39
20.47
27.27
21.78
24.56
24.33
24.31
21.93
25.71
26.76
33.66
30.3
29.31
31.55
27.18
32.31
38.43
34.77
41.61
35.37
37.31
38.97
38.46
40.22
41.04
40.84
32.73
32.65
36.26
30.97
34.19
28.25
31.49
30.94
28.57
30.25
26.71
23.23
27.31
27.22
24.65
17.27
14.35
30.54
28.8
34.65
41.01
38.33
34.77
37.05
37.23
36.48
36.2
31.32
34.39
33.23
36.15
35.94
36.04
37.91
44.43
50.37
52.64
50.43
45.85
41.48
38.31
35.49
48.97
56.09
49.38
38.23
43.76
43.92
43.74
34.62
24.14
23.3
23.36
28.6
19.84
22.26
19.99
20.11
16.13
13.72
15.22
13.29
9.66
17.57
18.4
17.52
12.05
18.59
13.75
20.49
32
20.18
17.81
16.31
14.89
14.36
12.72
14.75
15.1
12.95
20.31
18.88
22.02
17.7
28.78
29.07
40.77
31.34
33.93
38.68
40.2
50.76
60.55
71.93
72.48
61.37
56.64
52.76
48.04
55.16
62.89
65.88
57.61
52.68
52.03
53.07
49.83
44.79
41.56
34.54
34.07
35.54
36.51
43.98
45.07
44.48
45.99
37.33
39.01
39.43
38.36
39.32
24.58
32.46
29.32
22.65
27.04
22.4
23.34
20.07
27.35
22.52
34.49
49.19
50.89
57.52
56.18
49.76
42.13
48.35
40.15
37.08
18.83
32.99
22.77
28.03
14.75
15.46
13.03
11.64
19.7
28.81
36.49
31.72
37
40.35
33.52
39.83
47.08
53.67
56.04
48.59
50.76
55.1
56.39
61.23
55
55.28
51.77
53.24
48.65
54
50.58
36.65
30.93
26.14
23.98
23.32
18.7
20.55
14.16
18.68
23.38
22.32
15.41
19.67
14.58
17.13
15.94
23.9
20.83
21.01
22.28
25.9
30.69
22.93
27.27
15.57
9.62
14.39
28.47
30.19
33.16
31.88
34
29.95
26.46
19.1
14.67
17.76
29.28
17.69
17.02
26.77
33.5
29.93
29.32
35.35
31.7
36.3
33.54
31.67
22.15
18.73
7.845
7.221
13.67
15.44
25.52
23.18
21.53
19.81
28.6
12.34
9.86
12.4
14.52
16.97
11.44
14.22
13.25
25.1
19.94
13.4
8.73
13.17
9.83
11.58
11.4
14.77
18.57
15.28
9.38
10.94
17.27
11.53
16.31
16.53
18.03
22.65
22.04
25.97
24.66
26.21
26.02
28.03
24.71
21.94
22.16
30.15
35.07
36.85
32.07
33.53
32.19
31.75
23.91
17.45
22.34
19.35
12.55
25.26
23.42
9.28
17.59
18.43
13.71
9.98
7.933
5.33
7.07
13.79
5.532
4.218
18.18
23.17
20.08
16.87
18.11
18.14
26.14
22.19
12.06
10.87
12.23
19.38
14.53
16.13
20.78
21.74
23.58
9.56
18.08
11.18
13.96
7.916
9.68
4.718
4.93
3.603
7.014
6.928
4.873
4.394
3.132
4.093
5.68
4.175
7.123
4.2
3.129
9.68
11.7
12.41
19.13
15.64
18.27
14.32
6.938
5.48
4.989
5.149
5.16
4.775
6.111
6.441
4.727
5.531
5.716
8.4
8.57
10.34
8.73
6.669
7.59
8.85
9.07
8.75
10.35
8.57
3.706
6.072
6.803
5.371
5.571
5.258
5.827
5.365
4.279
4.822
3.74
4.383
3.866
5.33
5.259
5.308
3.802
3.209
5.48
6.508
5.398
2.96
1.372
3.522
1.646
1.874
1.898
3.068
2.674
1.507
1.267
3.228
2.96
5.371
7.015
5.914
6.018
3.763
5.731
4.755
3.212
3.861
1.266
4.017
1.719
3.179
2.33
3.766
6.884
4.952
9.21
6.024
7.489
8.85
7.047
14.06
6.903
39.41
32.08
38.63
40.57
46.54
43.48
35.82
46.49
46.67
38.14
40.6
41.62
36.02
35.75
38.84
34.6
40
34
46.9
45.5
46.75
41.21
43.54
46.02
32.43
38.93
48.37
42.49
52.22
61.24
60.57
53.73
61.24
57.48
56.15
68.57
68.24
67.2
58.61
55.98
50.52
44.4
30.06
41.52
50.92
46.44
49.21
61.16
71.42
69.33
65.92
53.77
54.82
68.4
67.33
60.02
65.1
62.73
62.08
64.62
71.24
64.96
71.07
66.92
62.65
61.31
67.06
62.76
66.76
70.12
71.9
70.82
66.28
59.34
67.39
68.38
71.24
68.02
66.56
68.59
69.94
64.68
69.52
72.72
68.2
63.87
54.99
71.32
63.62
57.94
69.58
70.27
69
74.53
83.5
81.8
75.93
72.7
67.35
86.8
81.3
76.87
78.46
66.6
66.19
74.71
73.4
72.53
64.06
49.52
27.3
12.67
18.36
42.73
44.83
47.04
37.49
37.16
40.56
41.74
42.36
42.56
41.47
43.83
37.55
43.48
39.69
42.47
40.62
34.43
39.9
33.77
37.96
32.07
35.88
35.5
38.41
30.37
27.11
29.57
32.78
22.29
26.68
29.43
31.27
26.92
26.5
30.28
31.38
28.92
20.26
22.91
23.14
24.4
24.98
26.28
19.77
22.74
18.26
23.33
22.33
24.24
20.66
24.81
22.32
18.24
26.23
28.05
24.01
23.22
28.78
29.79
34.06
27.24
24.28
21.01
26.9
32.87
25.81
31.79
25.64
28.47
30.86
34.55
32.83
36.7
36.16
33.27
33.44
32.49
27.92
25.45
14.38
19.52
21.43
26.97
26.54
21.09
23.34
26.56
28.21
31.73
32.76
19.85
15.38
18.18
16.61
10.68
14.11
15.67
12.71
15.68
11.46
14.3
12.54
16.34
27.57
28.27
17.56
20
15.03
18.94
32.34
31.86
33.84
25.46
15.32
7.954
10.38
15.22
16.25
14.15
11.83
7.78
10.66
11.02
17.17
20.88
27.38
41.67
39.53
41.82
32.68
29.57
16
18.31
17.1
8.67
5.048
4.653
7.177
20.85
19.64
15.43
10.41
15.95
9.9
12.63
10.26
18.16
12.24
4.402
3.33
6.847
8.47
7.905
6.903
6.435
6.551
9.66
8.93
8.71
10.24
17.04
17.04
11.71
20.83
19.52
15.47
16.43
14.25
21.86
24.49
26.94
22.72
11.41
18.93
13.35
18.75
14.33
20.65
21.05
14.69
8.29
12.35
11.63
6.733
6.737
7.725
10.75
8.66
7.845
4.666
6.331
7.536
8.65
6.415
7.267
6.679
8.04
7.896
7.149
7.349
8.74
7.459
8.12
5.619
7.102
8.26
6.163
4.823
5.645
5.114
9.26
7.202
9.89
8.79
9.05
11.47
9.38
6.905
8.59
7.608
4.082
9.08
6.601
7.818
5.336
4.625
8.64
5.016
6.729
5.901
5.673
11.3
8.07
8.88
8.24
7.475
9.16
8.22
7.511
5.976
6.002
15.43
17.14
11.08
6.97
7.363
15.86
17.55
39.8
29.94
20.11
19.57
11.88
12.92
11.24
9.47
10.91
19.23
30.63
34.79
17.47
20.4
19.49
20.01
18.28
36.21
46.44
46.34
57.54
58.57
46.09
41.25
47.7
50.1
52.89
39.82
34.69
34.06
37.15
36.43
39.33
39.82
37.26
40.12
39.49
38.52
42.6
39.83
43.14
40.52
39.7
37.48
30.33
27.84
28.82
29.36
39.06
39.75
38.8
39.22
40.62
44.69
47.16
36.08
31.75
46.23
51.32
52.33
52.17
55.27
56.03
54.57
52.84
56.38
55.79
56.08
54.55
54.63
55.44
52.6
50.84
55.4
52.51
54.57
50.59
53.96
54.06
52.83
57.38
60.64
56
55.26
56.02
57.55
55.47
54.54
58.63
61.59
60.18
59.23
55.32
58.16
58.95
56.44
54.35
54.2
57.91
52.87
53.81
51.3
52.4
54.37
52.57
57.6
56.92
56.4
56.92
53.21
55.37
53.64
52.36
56.99
50.7
54.01
60.44
55.13
52.11
55.37
56.01
54.68
49.88
56.89
51.06
53.9
52.83
56.11
56.31
58.64
59.52
57.59
65.11
60.04
61.87
56.78
43.46
32.55
30.67
31.34
31.75
32.45
47.56
37.98
35.87
27.98
20.49
26.77
20.04
34.83
40.33
42.84
36.99
37.51
43.1
40.9
34.49
33.3
34.26
31.54
23.73
24.2
28.42
38.06
41.89
37.53
33.88
33.62
32.44
29.78
26.76
28.62
28.38
24.68
20.45
25.86
28.49
23.65
16.7
6.183
6.945
2.901
6.674
7.332
4.764
1.491
5.779
3.682
4.739
2.589
5.499
3.571
4.381
2.209
4.465
4.406
8.74
6.984
4.391
2.907
5.329
6.893
3.193
5.313
4.202
5.717
5.356
7.312
0.954
3.775
3.713
0.856
0.43
0.772
0.667
2.688
1.438
3.226
2.278
3.238
3.95
1.398
2.045
2.509
1.63
1.379
1.138
1.4
1.751
1.424
3.17
1.257
2.784
1.954
1.249
1.343
0.952
0.375
0.496
3.431
4.822
0.924
4.285
2.61
0.978
1.045
5.152
4.925
8.27
6.542
4.669
3.708
4.186
4.511
3.362
1.715
0.628
4.755
1.465
2.973
3.323
0.859
2.401
1.192
2.08
2.89
1.841
2.151
2.654
1.893
2.181
3.323
2.556
2.173
1.432
3.484
2.178
4.931
6.604
4.768
4.897
8.97
8.67
4.796
4.65
5.096
4.969
5.56
10.8
9.1
6.836
5.373
4.981
4.308
5.947
10.22
5.921
7.94
9.13
9.32
5.572
7.772
5.944
5.741
6.158
5.044
6.951
6.329
6.306
7.332
7.915
7.402
6.437
5.774
5.274
4.264
6.03
5.858
9.61
7.296
9.38
6.55
8.89
11.36
4.473
6.346
4.991
4.879
9.46
9.57
9.75
6.835
7.318
7.77
7.339
8.84
10.21
6.22
10.73
9.26
27.53
34.65
34.91
35.34
33.26
31.8
29.01
37.52
41.64
45.21
39.56
34.81
35.85
37.18
46.34
41.99
42.26
39.69
44.76
38.97
30.77
30.52
31.04
26.08
31.08
31.61
31.12
31.04
31.78
32.88
26.26
30.74
30.05
28.53
30.48
23.93
7.451
9.71
10.27
13.01
23.18
33.71
33.03
30.88
16.68
8.4
12.28
15.75
25.68
21.93
20.16
17.87
17.11
8.67
11.66
11.63
12.7
7.013
9.57
5.139
4.966
5.232
5.552
6.606
6.9
9.62
7.978
9.73
7.538
7.142
6.963
5.217
6.444
7.944
7.51
9.89
7.05
7.971
6.909
6.824
7.142
6.44
4.374
5.733
4.768
5.77
9.08
7.33
5.869
9.58
9.93
12.07
9.47
12.86
8.8
9.51
10.3
10.36
5.683
3.165
2.319
3.51
3.13
3.235
4.318
5.671
6.056
4.086
2.744
3.033
3.36
3.127
2.605
1.244
2.403
1.318
1.804
2.812
1.794
2.375
3.831
2.734
2.378
3.368
6.953
6.606
5.85
5.766
11.74
11.38
12.6
14.6
3.961
12.89
7.464
11.36
9.35
13.12
22.04
25.06
16.77
14.12
10.76
13.29
20.25
22.67
28.5
29.32
25.06
19.41
18.98
11.13
27.39
48.94
46.2
41.59
57.57
61.92
60.48
58.37
62.27
63.25
62.55
60.92
60.51
59.83
64.53
64.15
63.61
63.57
60.82
58.32
57.21
53.03
51.53
47.87
43.98
44.15
47.24
45.7
48.56
45.17
52.1
57.35
63.93
68.4
71.34
71.51
71.09
74.75
77.57
64.74
72.93
73.54
69.96
62.82
61.15
65.9
59.28
57.23
66.64
70.6
68.97
69.04
75.23
75.2
65.29
69.31
72.18
70.91
65.49
58.2
66.35
64.61
61.15
59.36
56.63
52.28
46.98
41.85
48.73
37.42
37.63
28.81
9.36
11.64
11.95
10.76
5.068
4.387
2.538
8.24
5.991
4.926
8.39
7.667
8.89
10.56
5.745
1.258
3.425
9.31
8.03
18.24
15.28
10.5
6.798
10
3.372
5.581
8.16
7.389
28
31.34
25.11
10.37
6.343
8.85
8.31
8.26
7.457
8.1
17.03
22.72
24.63
25.91
29.37
32.13
32.8
32.33
31.26
31.59
30.85
30.51
25.57
26.67
26.09
27.88
27.64
25.83
23.76
13.8
9.25
9.15
10.91
10.24
10.14
8.08
5.163
3.924
4.478
4.43
2.386
1.894
2.166
6.079
8.54
8.68
7.291
8.73
8.68
6.916
6.351
9.2
19.8
29.77
19.06
24.27
23.86
21.76
18.26
20.59
25.39
28.04
31.87
39.65
50.63
50.47
45.84
46.83
47.57
47.76
49.08
46.71
49.5
55.4
51.89
53.72
48.65
46.37
52.28
54.24
46.47
46.88
49.88
48.45
47.63
47.4
46.66
40.43
41.41
42.71
33.09
36.51
35.06
31.79
28.91
25.66
25.33
32.75
38.12
36.85
33.72
30.25
31.92
30.2
26.58
32.52
35.21
26.46
27.48
31.58
35.79
28.23
32.01
33.33
30.87
32.17
32.55
27
30.1
30.49
31.02
31.85
27.13
25.47
26.83
28.42
29.08
27.97
21.81
14.84
7.572
14.8
12.86
10.7
14.39
11.06
15.8
14.05
6.092
10.2
12.17
11.11
9.95
5.764
8.44
8.89
6.861
6.665
7.053
6.282
6.878
5.503
10.32
8.03
8.12
9.02
8.89
10.87
11.14
7.73
7.685
8.03
6.268
5.686
6.084
6.581
4.806
5.657
6.44
7.662
8.76
9.92
19.31
15.43
18.44
21.53
24.74
29.45
27.24
23.15
23.13
24.34
28.39
23.38
23.89
25.69
23
20.99
11.84
18.28
19.89
10.33
6.078
13.69
11.08
5.758
5.926
6.471
5.718
14.11
12.75
19.7
20.92
15.01
12.28
18.68
17.75
21.13
20.6
28.06
34.54
41.34
44.95
43
48.43
50.09
44.15
35.14
29.89
25.31
28.21
35.43
44.34
44.29
55.67
52.27
58.06
57.73
51.94
51.32
53.71
52.61
60.64
60.05
58.9
65.78
63.29
63.48
73.02
67.63
73.07
75.78
77.61
70.89
74.41
72.81
71
63.65
59.89
62.48
68.18
68.99
66.96
62.47
57.28
57.65
60.8
55.57
55.34
56.55
54.43
46.55
54.59
54.2
53.46
49.73
48.32
52.33
54.66
53.48
50.15
52.68
53.35
63.23
60.65
57.26
54.12
50.47
51.52
53
53.6
51.8
49.03
50.79
47.86
49.62
51.83
53.14
60.07
61.59
56.61
54.98
47.59
42.05
45.07
50.44
54.16
51.03
53.09
52.4
56.61
56.8
53.74
54.45
54.84
53.39
54.93
55.15
50.92
49.91
51.24
47.97
38.23
34.09
30.34
24.77
29.87
15.64
13.94
13.23
12.48
7.851
7.349
5.636
7.077
9.1
6.311
6.346
4.513
5
6.584
9.95
11.05
6.853
5.798
8.4
9.73
6.579
8.49
7.134
6.734
9.58
6.751
6.606
4.677
7.295
4.608
9.59
8.31
7.524
7.189
6.576
5.722
4.159
4.937
7.122
4.928
6.459
5.52
7.342
13.49
13.69
15.37
14.75
18.32
16.61
15.03
7.755
14.94
16.2
9.06
12.67
10.76
13.37
9.66
8.73
10.08
15.15
8.59
10.88
15.2
21.06
20.68
25.9
19.22
9.61
5.205
9.36
11.78
10.49
14.94
25.55
30.61
36.78
34.37
35.06
42.77
34.3
36.33
33.62
35.37
39.33
35.75
35.89
34.11
30.4
34.16
36.09
38.48
32.09
30.83
26.58
22.63
34.47
23.88
28.3
23.23
18.03
20.08
7.342
9.58
9.68
14.96
10.76
8.61
15.08
9.87
10.73
7.332
8.64
6.024
7.269
7.368
8.86
14.37
8.33
11.36
25.04
27.78
23.06
21.65
34.53
19.7
21.45
20.8
15.1
25.76
20.9
29.22
31.03
37.86
47.11
40.14
36.98
31.77
15.48
11.34
12.19
14.47
11.73
8.79
6.602
12.51
8.08
6.038
4.498
4.849
3.871
3.554
1.425
3.448
3.876
6.144
5.228
6.614
8.45
4.487
4.038
5.079
4.339
4.946
6.563
7.012
5.834
15.36
11.89
10.98
10.96
16.05
16.71
14.7
19.83
14.02
12.85
20.65
18.55
27.82
31.07
30.79
29.7
26.05
20.09
24.11
28.13
23.57
15.98
13.52
12.7
13.08
18.3
12.3
11.86
15.57
15.29
13.97
19.21
20.81
34.35
38.04
39.97
31.93
19.24
16.82
12.6
15.4
15.55
13.33
23.12
33.74
35.45
34.85
34.55
28.37
22.07
29.34
26.71
31.14
24.75
32.19
29.43
25.42
38.29
31.64
28.81
37.36
29.55
26.31
38.11
38.75
32.5
40.46
51.17
49.94
41.36
35.23
52.08
43.09
34.8
25.47
24.97
22.21
30.19
30.28
28.67
29.12
48.55
36.39
44.7
33.39
28.39
20.94
39.43
29.97
23.56
28.05
27.23
23.53
15.79
22.44
17.24
20.78
22.98
23.05
13.65
23.79
18.82
18.9
25.2
20.09
17.83
23.02
13.12
10.8
11.26
16.04
15.84
19.84
20.12
16.69
24.95
19.42
18
25.02
21.78
22.7
14.98
23.32
26.15
23.39
28.32
27.11
25.7
20.08
23.32
19.13
19.3
23.08
25.99
19.41
12.63
13.3
18.44
10.89
11.48
10.52
17.23
16.29
12.76
17.11
21.75
21.07
19.36
20.2
17.52
18.54
16.16
23.11
16.6
20.38
20.1
20
15.69
16.44
18.24
20.36
13.67
14.74
19.06
14.15
14.46
20.27
21.06
21.81
16.15
17.53
9.02
8.21
8.76
6.51
8.32
13.76
14.18
15.56
16.09
14.71
10.43
10.65
6.818
12.32
14.34
4.937
12.96
8.59
4.238
5.923
6.583
7.344
13.15
12.95
6.688
5.207
5.619
13.77
12.92
4.953
6.473
16
13.06
12.35
11.53
5.968
6.265
7.875
5.108
6.095
5.64
11.11
7.78
6.605
6.778
11.22
11.54
3.625
5.936
3.762
8.65
6.368
8.77
9.92
8.95
11.03
5.315
6.385
11.8
5.447
9.1
11.31
14.25
12.38
20.91
18.62
24.19
18.97
8.34
6.91
16.26
9.66
7.737
4.885
8.2
8.18
13.85
12.81
9.4
10.09
9.13
10.36
6.636
9.6
16.21
9.45
13.35
16.97
9.64
4.834
6.164
11.41
9.68
14.9
11.06
9.63
8.54
17.03
10.53
9.26
18.92
23.53
22.59
21.98
15.57
10.13
9.03
13.03
9.42
5.421
2.822
3.563
5.116
3.423
4.056
10.16
9.07
7.67
12.9
18.24
25.03
24.5
34.56
31.94
32.2
41.57
36.74
36.95
33.17
40.14
29.05
26.22
29.34
36.42
38.81
31.71
32.01
30.99
32.52
31.62
38.62
39.47
34.36
27.25
27.19
27.41
33.66
37.31
27.58
22.49
21.69
13.7
11.86
19.33
19.55
14.77
21.41
16.94
23.95
26.16
27.1
24.77
21.55
17.93
16.33
17.68
16.12
18.54
19.95
25.42
30.08
19.46
27.72
33.5
37.22
39.55
43.32
37.99
27.04
20.14
32.39
26.76
16.39
17.72
21.92
17.82
20.93
16.78
17.78
18.42
18.31
17.94
28.89
27.75
29.12
16.39
16.36
19.39
18.8
21.88
25.41
27.92
35.61
42.08
48.4
48.29
45.28
37.74
39.77
41.07
41.78
32.94
33.92
31.47
32.63
34.55
36.34
35.51
29.32
41.25
46.81
48.67
36.71
35.26
29.1
27.66
27.17
32.07
32.59
34.89
34.89
33.62
35.33
41.57
45.85
43.32
32.35
28.24
26.58
22.52
27.11
25.53
20.72
16.28
15.2
18.46
21.6
21.52
22.27
18.32
23.83
21.95
19.35
16.95
19.35
18.02
19.81
19.25
17.61
14.5
23.02
16.25
19.48
16.05
15.38
17.54
17.35
16.77
19.12
22.39
24.24
26
27.45
30.77
21.76
15.25
15.46
14.29
9.48
11.76
12.81
13.35
14.51
10.29
15.05
17.27
12.3
10.14
26.45
21.97
15.66
17.62
20.7
14.89
8.81
16.37
16.74
16.5
21.11
25.53
21.81
16.25
14.97
11.7
25.34
11.64
12.06
10.75
8.4
8.6
8.14
8.58
9.83
7.608
11.86
17.59
18.26
16.99
17.21
16.98
22.91
18.53
17.44
17.41
21.7
18.41
18.72
16.47
22.84
20.4
17.46
16.34
9.09
10.99
11.86
13.12
9.96
13.98
15.58
14.24
20.11
21.63
20.33
19.74
18.52
19.59
14.69
15.67
17.45
20.32
24.51
22.31
22.49
23.4
26.58
23.86
26.02
25.94
27.11
26.15
24.05
21.45
24.37
26.2
29.55
30.91
33.19
36.01
41.73
42.21
39.67
40.32
39.05
40.89
34.72
33.72
33.56
34.57
31.22
30
27.52
26.92
24.56
22.84
23.36
19.05
16.86
17.57
18.3
19.86
16.33
15.07
10.15
16.6
13.41
6.117
1.725
1.966
5.392
3.764
4.344
3.982
5.536
2.573
3.827
4.753
4.788
6.614
8.44
5.861
7.988
5.336
8.44
9.41
8.09
3.131
2.588
1.461
2.144
3.395
5.703
9.28
7.365
10.17
12.07
16.45
18.98
18.56
11.57
13.61
10.86
11.75
11.86
12.76
12.13
10.68
8.48
5.852
6.712
5.97
5.9
4.714
6.245
5.463
4.826
6.399
3.847
2.877
4.137
6.554
7.47
6.928
18.15
21.93
16.47
17.79
20.73
20.34
20.41
14.77
8.8
8.84
16.57
21.25
20.56
22.42
16.43
12.96
13.84
16.64
12.22
20.97
33.55
33.74
31.31
31.46
32.31
28.25
27.96
28.57
27.11
27.5
26.73
26.63
24.95
25.11
26.69
28.84
30.37
34.72
35.63
36.07
39.31
38.18
28.91
25.63
13.75
7.85
12.21
13.24
11.62
9.22
6.951
8.83
10
7.65
6.534
7.432
6.638
9.6
4.648
9.68
4.658
5.571
3.504
6.082
10.92
10.71
9.55
10.54
12.21
11.15
8.91
7.415
6.972
9.99
7.44
11.3
11.91
13.26
23.29
12.54
7.892
11.21
15.8
16.38
19.82
22.23
17.69
23.15
23.05
25.57
25.45
24.45
22.1
22.55
22.21
16.12
21.64
24.12
19.81
27.31
33.51
33.03
30.42
24.71
23.45
28.89
40.34
34.01
28.37
23.5
27.96
32.91
34.64
35.22
33.56
27.8
27.76
25.11
22.85
27.63
22.27
11.46
11.19
9.55
13.09
13.68
13.08
13.62
7.631
9.51
6.168
7.151
8.69
12.57
9.93
9.53
8.65
7.934
8.02
9.27
6.516
7.006
6.853
6.575
2.839
4.744
3.529
2.952
3.065
3.402
3.982
3.185
2.644
1.628
2.814
4.906
4.115
3.677
4.929
3.559
13.64
8.47
18.24
24.49
26.23
19.16
20.91
24.91
18.75
27.39
26.8
18.64
23.24
23.98
14.43
21.29
10.67
15.2
16.78
13.06
12.83
13.21
14
15.44
15.56
16.27
16.66
17.66
12.7
9.69
16.32
15.21
12.21
13.09
15.63
18.2
15.11
14.66
19.23
17.84
19.34
21.65
22.95
20.76
26.38
26.03
23.04
22.31
10.94
13.97
18.08
11.45
16.04
17.93
19.06
17.68
24.06
20.07
19.71
18.67
30.72
32.14
32.1
29.23
26.36
32.67
27.66
28.15
27.65
33.99
34.7
36.23
34.17
30.47
33.41
31.75
35.76
37.26
42.45
31.85
31.17
21
21.65
21.26
21.34
24.95
17.33
23.45
24.75
34.02
33.96
36.2
32.97
32.7
31.84
29.75
25.85
21.32
20.12
17.68
14.4
19.02
16.12
17.75
19.4
18.29
12.98
15.03
16.28
17.34
18.03
15.72
17.14
14.77
21.31
24.08
22.47
16.85
12.99
6.855
6.254
8.78
6.955
8.07
3.624
6.055
9.37
11.17
8.28
6.583
6.88
4.552
4.934
6.479
7.468
7.123
7.487
3.5
6.116
5.68
5.317
4.858
5.57
3.315
6.689
5.297
5.199
4.943
4.012
3.49
1.36
2.627
3.144
5.014
3.705
7.892
5.855
6.892
2.813
11.21
14.25
10.54
11.05
8.3
8.18
7.068
8.68
6.413
5.755
1.108
0.903
0.979
2.082
1.374
3.519
1.331
3.099
2.184
0.44
1.817
2.135
3.494
6.292
1.86
1.702
5.227
3.378
4.731
5.856
2.99
1.952
2.984
1.134
2.825
3.299
13.79
18.59
17.79
14.99
15.29
19.49
16.52
13.99
12.74
12.54
11.82
12.13
10.77
10.19
8.48
9.09
7.009
8.25
4.532
3.421
5.506
3.84
4.356
0.583
2.839
0.846
1.147
0.88
3.026
1.706
1.681
1.614
1.427
3.774
1.747
3.233
3.229
2.848
2.516
3.73
2.458
3.244
4.297
10.2
2.914
9.49
15.33
14.77
14.81
14.62
5.72
5.192
2.695
6.783
4.252
4.248
10.28
12.29
16.52
18.76
16.39
14.22
13.07
10.52
10.37
8.84
7.534
3.57
1.457
2.756
0.846
5.261
2.068
2.289
0.941
1.987
2.553
4.317
6.031
6.423
4.946
2.957
3.012
3.637
5.031
5.483
6.205
7.079
5.965
5.08
4.88
2.318
1.555
4.75
5.113
2.469
2.654
2.725
2.661
1.767
1.359
3.413
2.628
7.597
11.16
11.42
7.916
2.579
2.183
2.25
5.822
12.04
15.46
11.07
15.76
39.04
34.73
31.41
29.35
31.56
34.07
35.67
40.25
42.07
45.38
43.96
47.26
57.75
57.31
55.23
55.72
49.61
48.92
47.38
48.71
51.54
45.68
49.6
49.79
49.29
55.47
51.31
50.25
44.92
45.41
42.55
40.07
41.7
40.41
47.79
43.31
38.87
37.52
40.43
40.73
39.71
37.37
42.11
40.17
41.69
41.95
43.37
41.55
36.68
42.25
43.27
45.98
44.53
45.89
50.53
47.96
49.76
56.52
54.49
53.08
51.07
48.25
47.5
51.38
50.81
51.07
49.19
49.13
49.81
46.06
49.38
52.35
52.87
52.09
53.23
53.41
49.88
42.08
37.67
39.34
39.91
41.35
42.24
40.35
38.63
34.66
37.67
35.31
30.19
35.31
30.45
35.87
36.51
33.01
30.34
32.48
32.07
32.83
33.73
35.95
39.3
40
43.29
45.29
48.67
56.47
53.59
53.34
52.21
54.56
55.8
56.98
56.46
55.18
59.21
53.19
55.66
54.72
53.94
52.45
51.39
50.19
44.47
42.82
36.06
38.32
34.04
32.29
33.83
31.17
37.26
36.37
31.54
33.42
29.49
32.23
30.76
33.87
35.81
34.77
33.19
33.4
32.74
29.99
32.61
32.91
32.98
32.81
30.83
32.06
34.57
38.72
44.34
45.67
43.72
43.61
44.71
43.38
44.87
46.01
46.78
47.61
42.65
45.01
44.62
41.94
36.21
39.41
42.26
43.61
52.14
46.31
34.87
41.97
48.88
54.12
56.78
57.8
57.72
60.57
60.05
57.98
54.51
52.8
46.76
38
43.01
42.61
50.25
56.25
51.07
44.69
46.48
53.4
53.29
56.08
57.28
55.94
55.88
57.21
61.04
63.85
65.43
62.46
55.27
40.45
43.67
46.67
52.14
50.79
48.06
45.83
45.74
48.06
46.93
44.43
38.33
36.81
36.85
40.84
31.3
32.51
41.12
45.13
38.48
46.43
47.54
36.67
36.59
36.56
31.69
32.64
34.27
30.52
27.24
29.96
25.08
24.03
24.87
24.37
23.41
25.2
22.79
19.44
16.94
13.36
11.31
14.45
19.28
25.36
40.87
49.08
47.07
50.92
48.75
42.69
30.4
22.89
30.95
20.67
16.8
12.77
18.35
16.92
23.28
25.02
33.19
26.52
18.98
14.8
9.13
10.64
13.05
12.37
12.93
7.177
10.05
7.482
9.62
10.77
7.245
9.13
10.26
12.51
12.94
15.87
24.8
13.93
10.58
6.815
3.511
2.114
5.187
4.488
3.903
2.292
1.091
2.937
5.641
6.207
5.112
4.368
5.157
6.253
6.816
9.46
8.21
12.56
6.815
8.66
5.252
5.586
7.937
6.884
7.384
8.17
7.66
9.25
8.4
6.686
10.83
10.72
4.809
10.7
8.49
7.226
12.6
17.18
22.24
18.22
18.2
16.24
16.36
15.08
12.49
9.76
6.995
4.441
7.326
2.844
4.856
3.81
1.941
5.421
5.927
5.983
7.27
11.13
6.368
8.75
8.21
8.6
9.43
7.471
6.218
6.719
7.684
8.69
6.47
4.811
7.195
5.779
6.983
5.787
6.098
7.901
6.362
11.95
14.35
22.5
16.35
17.92
25.76
20.52
15.4
14.69
21.7
12.11
9.54
23.78
19.75
16.06
6.236
16.37
12.78
8.04
14.75
18.33
23.29
29.28
26.25
24.84
22.53
25.63
25.56
29.73
18.44
29.11
25.35
25.11
19.69
17.08
18.52
11.49
7.214
8.72
7.044
7.2
7.895
9.11
8.9
7.964
5.433
6.786
12
9.08
8.36
13.14
9.26
14.47
17.91
19.2
8.31
7.391
12.17
11.26
9.62
4.325
10.13
7.67
10.43
8.09
14.47
13.6
14.8
11.97
11.92
8.57
8.74
14.3
3.611
5.975
6.781
6.346
6.857
8.06
7.614
5.661
8.14
6.581
8.83
8.07
8.87
8.57
8.15
9.43
7.847
11.63
9.78
8.64
11.61
12.5
12.15
20.44
21.11
18.48
27.14
28.09
30.9
30.21
28.53
29.17
28.38
26.08
25.61
22.67
20.03
12.03
11.78
8.73
13.78
12.23
16.7
10.23
13.23
20.82
26.62
31.22
30.19
32.67
21.69
28.95
31.09
35.8
28.87
29.8
24.53
26.21
18.32
21.84
18.4
15.93
11.89
15.32
11.6
22.57
24.85
22.71
21.98
17.61
15.44
13.52
11.68
9.63
12
11.62
16.3
23.07
28.13
25.27
24.99
23.86
22.26
24.62
23.69
23.47
15.83
14.31
18.23
15.26
20.37
16.33
21.58
23.2
30.84
23.2
20.37
25.68
27.37
36.16
36.19
38
36.78
36.45
35.7
36.07
31.35
30.25
29.7
27.56
26.89
23.75
34.1
29.38
30.28
34.09
31.53
30.92
32.04
30.14
29.23
26.32
17.23
17.3
17.01
24.03
22.41
26.02
29.12
30.73
21.14
22.34
31.25
29.47
32.87
32.46
33.22
28.16
29.96
25.01
31.19
31.6
32.23
37.31
35.66
41.16
41.26
39.96
38.26
28.2
25.72
15.32
9.24
12.85
17.4
13.3
11.35
13.46
5.143
10.09
6.874
10.94
7.137
10.54
9.85
9.32
10.33
10.9
9.17
8.3
10.47
7.355
13.72
12.67
9.1
14.27
11.05
10.29
8.05
2.656
2.865
4.185
4.312
4.399
6.773
5.819
16.98
11.51
6.73
2.209
1.152
1.064
0.696
0.945
3.059
1.72
2.309
2.419
2.712
4.49
12.12
16.35
22.08
10.53
3.129
3.206
3.968
18.12
14.87
10.36
8.49
23.81
27.18
23.43
17.11
16.83
27.64
29.56
24.8
27.95
23.4
21.2
28.31
25.1
23.47
21.21
20.5
22.62
8.91
9.33
14.42
23.52
16.16
16.29
4.826
16.66
14.58
22.81
17.36
13.77
12.45
13.58
11.92
12.94
11.09
8.42
15.85
22.41
27.26
24.88
27.13
25.47
25.66
23.1
24.59
21.9
21.75
32.54
33.64
29.96
25.35
24.68
20.2
20
17.04
14.58
11.79
12.51
11.51
14.1
15.19
15.37
9.39
10.54
6.915
9.57
16.13
6.003
10.38
13.51
15.51
8.45
3.806
7.69
5.949
5.271
6.935
15.09
6.449
7.612
6.462
6.557
7.068
6.249
7.609
10.74
16.2
19.44
23.19
31.7
33.15
30.98
27.21
26.57
18.38
16.71
11.99
21.76
17.46
22.89
19.37
18.72
23.99
19.19
8.72
8.06
13.28
15.88
15.68
16.4
14.28
12.84
9.6
4.797
2.395
8.98
8.67
2.165
6.657
9.68
5.384
2.818
3.741
4.505
2.873
0.629
2.969
4.28
3.033
3.494
1.65
3.626
3.367
3.15
5.71
6.978
12.32
15.83
9.02
14.03
19.52
25
26.1
26.35
22.01
16.36
17.55
19.62
14.96
19.01
19.05
20.88
18.3
14.92
14.08
11.48
17.43
18.21
19.48
15.75
7.906
10.16
13.11
10.8
7.771
8.45
4.805
13.39
7.001
14.78
18.64
22.76
22.59
23.48
19.95
18.37
10.96
4.614
4.588
8.31
9.06
12.54
12.58
13.22
12.66
4.632
3.343
5.772
1.556
1.786
0.74
9.29
7.215
4.244
8.57
9.98
8.91
8.19
10.68
5.68
12.37
11.27
15.68
8.78
8.02
4.915
7.285
6.783
8.41
3.734
6.52
6.996
12.7
12.21
10.02
10.27
9.84
7.031
3.935
3.844
2.514
2.207
0.172
0.714
0.691
0.596
1.496
2.903
5.884
6.962
6.503
3.309
7.632
4.127
2.165
4.799
6
7.754
12.48
15.14
23.51
13.87
13.47
16.52
19.87
22.63
19.61
20.15
17.98
18.55
18.8
13.62
11
11.78
10.92
11.06
7.932
7.004
12.42
13.92
12.4
10.29
9.79
6.351
3.44
8.47
6.977
7.437
4.41
4.123
1.537
2.844
2.86
6.445
3.577
2.728
4.793
5.289
5.085
11.21
15.03
25.68
22.65
21.27
19.73
22.38
20.15
21.37
26.98
29.58
27.9
28.43
26.03
22.02
19.63
18.83
16.84
21.4
22.76
27.02
20.85
22.8
24.71
21.76
13.69
10.14
7.646
18.63
18.41
16.26
17.3
12.91
10.55
12.47
11.04
10.03
5.161
11.62
9.87
6.747
4.279
8.54
9.82
28.27
25.31
20.27
25.09
32.83
37.52
35.76
32.54
32.98
36.99
40.7
46
45.24
39.71
36.34
41.27
41.01
43.58
45.74
49.22
51.63
50.45
56.68
63.04
58.31
50.41
51.96
49.03
42.94
41.05
37.74
30.27
34.93
32.15
44.96
43.51
44.35
39.28
40.08
37.54
41.46
47.51
44.22
42.25
46.15
50.64
52.21
53.19
54.59
51.21
50.45
50.5
49.63
48.83
44.97
47.74
48.39
42.93
45.08
48.13
42.84
42.65
38.42
35.58
23.66
22.35
25.08
28.54
26.05
27.79
27.4
27.14
28.35
24.15
13.86
12.57
15.18
22.61
28.23
28.08
25.91
24.64
21.91
21.33
21.96
26.19
26.74
30.2
25.93
24.85
31.2
33.44
31.88
32.03
38.05
35.31
54.51
50.44
55.19
64.6
65.4
64.4
62.21
64.91
67.63
61.05
58.55
57.1
59.81
48.32
46.85
51.65
50.71
48.27
46.32
45.08
43.14
39.05
36.57
33.36
31.12
30.49
36.74
45.61
45.93
50.71
51.81
46.7
47.7
51.49
52.89
49.03
49.85
45.09
47.91
51.47
52.22
50.39
46.77
47.87
47.26
44.49
39.67
30.16
44.54
39.2
37.15
26.39
15.66
30.48
28.03
35.99
36.27
36.4
38.99
38.25
34.54
31.84
33.95
34.31
25.38
34.49
27.17
29.54
29
33.01
25.16
25.98
28.23
18.2
21.72
20.82
28.17
22.24
17.25
11.15
12.19
14.16
7.72
10.96
8.7
10.1
12.09
11.34
21.02
15.55
17.16
18.64
32.52
41.41
34.77
37.34
32.89
46.82
49.13
37.5
32.54
24.64
24.93
29.11
34.43
34.51
42.24
42.62
40.68
39.51
42.71
40.49
36.41
38.11
31.18
38.55
36.51
37.41
29.71
24.13
33.53
31.62
25.78
21.52
32.09
30.37
31.58
33.87
35.32
39.74
39.21
39.1
44.69
59.17
51.39
37.01
32.64
40.49
53
53.23
60.43
53.61
57.02
59.2
60.26
56.74
54.4
46.91
35.76
33.09
32.13
28.62
36.47
41.77
34.66
30.58
20.69
21.14
22.91
31.56
24.06
23.68
26.63
47.08
48.89
51.72
54.74
55.18
54.15
49.1
46.56
46.5
44.39
38.99
41.68
41.72
43.45
44.42
44.68
45.66
46.42
46.02
44.37
47.06
42.81
43.34
44.44
46.07
43.07
42.85
47.8
45.48
48.03
44.62
44.54
46.58
44.6
36.87
25.25
38.77
34.55
22.51
13.02
11.19
8.42
11.95
10.65
8.69
11.24
10.22
14.29
19.69
14.56
9.94
9.3
10.05
7.226
11.08
6.023
3.27
1.816
5.941
2.571
1.454
3.45
0.838
3.457
5.724
1.951
2.192
2.503
4.4
10.37
5.999
2.324
2.44
3.639
3.641
2.522
3.69
7.645
8.8
8.51
5.097
2.05
0.763
0.042
0.247
2.486
2.253
1.845
2.292
0.954
1.859
2.517
1.719
3.7
3.902
2.72
2.647
1.036
1.228
1.518
2.281
2.834
3.109
3.484
4.711
3.724
0.949
2.837
3.264
2.704
5.219
6.101
3.382
1.378
1.176
3.279
3.011
3.45
3.29
3.761
5.037
3.469
3.404
5.253
12.77
9.34
7.35
8.24
7.86
10.04
15.49
45.22
35.01
38.44
43.34
28.72
24.72
35.99
44.06
50.82
51.54
57.09
59.58
60.01
48.78
51.63
50.38
50.9
49.05
42.22
40.59
41.53
45.78
53.35
58.49
56.42
56.4
59.75
58.17
54.48
58.7
58.45
61.03
54.78
59.83
53.97
55.04
55.7
56.24
57.86
59.89
57.52
52.65
52.04
52.8
47.88
49.94
44.46
41.56
38.26
36.95
41.08
37.91
33.15
32.42
35.53
32.84
23.03
28.37
19.81
28.63
36.87
35.04
34.5
35.95
34.58
35.73
34.04
32.08
32.86
32.83
26.11
29.92
31.44
30.78
30.54
34.96
38.19
35.72
37.74
38.23
30.37
26.16
21.09
16.42
8.13
10.72
14.05
15.91
11.26
20.93
9.5
15.41
14.21
10.19
14.23
10.39
15.13
8.74
7.953
9.28
7.902
6.638
4.482
7.227
8.31
9.13
11.4
10.98
10.42
10.83
10.94
8.7
8.66
11.64
9.62
10.54
5.311
13.71
6.278
19.32
29.93
31.54
34.66
8.93
5.797
7.998
7.525
6.181
8.54
9.78
24.97
30.1
31.91
32.66
26.5
23.2
17.45
24.86
27.62
28.46
35.14
38.92
42.25
42.41
44.19
46.79
47.5
42.97
46.15
46.14
44.32
47.68
46.82
43.83
45.76
37.59
32.55
26.7
17.28
12.68
10.75
6.559
6.644
6.441
7.988
7.25
12.56
20.31
18.17
21.84
9.04
7.16
6.407
6.685
8.61
10.8
7.767
7.459
10.51
11.28
9.36
8.23
11.83
10.89
7.937
10.29
10.35
8.17
7.121
8.34
10.5
10.18
4.335
6.478
7.895
9.68
5.749
7.338
12.88
11.77
7.617
9.66
5.767
4.826
8.87
7.188
8.99
5.236
7.874
7.513
14.71
18.04
25.5
29.08
31.68
25.05
9.44
16.4
12.56
19.77
25.68
28.14
23.72
19.67
16.52
18.72
22.33
16.64
6.993
7.895
9.33
7.847
14.42
8.25
5.824
6.466
8.41
6.814
6.797
8.22
18.14
17.09
15.05
12.13
18.41
19.61
19.84
18.31
22.58
27.39
25.84
18.34
22.19
17.93
14.06
8.8
10.88
8.54
8.59
5.84
4.987
6.911
4.331
5.097
6.091
5.506
2.746
1.724
0.508
3.163
1.724
4.021
7.478
6.469
9.4
9.8
7.674
6.374
5.888
3.8
4.549
2.665
4.583
4.135
3.368
3.424
3.392
6.933
3.259
6.11
6.49
9.01
9.27
8.49
8.64
10.73
8.43
8.79
16.98
15.48
20.06
31.8
40.75
33.69
43.15
39.86
37.61
29.19
24.53
25.12
40.66
43.93
43.52
45.96
44.89
41.24
44.57
43.83
39.29
36.69
42.45
48.97
47.22
47.07
45.35
42.06
47.27
47.26
48.7
53.75
55.64
53.31
50.96
61.92
52.61
44.36
48.18
33.97
41.1
40.9
47.03
48.17
41.15
48.34
39.84
43.59
39.77
40.01
37.56
32.44
24.46
30.52
33.73
31.36
30.94
34.03
36.32
34.13
40.6
37.93
42.02
44.36
36.62
33.45
14.86
17.06
27.25
35.47
33.05
43.59
55.03
57.41
61.83
61.41
62.31
67.87
60.87
50.53
44.16
39.45
40.53
46.74
49.34
52.63
54.62
50.86
45.44
52.07
70.03
72.17
64.99
53.31
49.84
50.47
68.62
78.35
67.16
45.29
44.05
43.8
29.76
29.42
31.94
48.65
51.92
49.26
59.23
57.01
55.14
56.83
56.88
55.99
53.77
48.06
52.71
49.43
45.33
48.57
45.16
36.6
29.02
28.14
22.26
12.56
13.39
8.3
12.92
15.29
16.18
17.34
43.04
71.05
64.32
71.1
80.6
75.41
72.24
82.6
84
76.39
74.88
75.43
76.52
71.89
77.72
78.02
80.4
79.78
73.85
68.86
65.84
61.42
71.24
68.48
62.71
70.74
84.2
84.1
70.7
79.44
70.09
81.2
86
79
81.8
77.26
71.48
74.36
71.29
69.1
51.63
63.14
67.34
67.14
57.39
54.51
51.13
49.89
48.54
49.24
48.11
45.36
41.89
37.58
41.09
39.19
36.6
40.63
36.85
41.97
36.07
36.39
31.39
35.88
19.75
8.07
8.42
6.888
8.56
10.12
10.15
11.86
9.06
7.214
4.529
3.963
4.218
6.501
8.95
7.274
9.28
5.856
7.284
8.77
8.57
8.39
7.86
8.97
7.537
7.862
8.17
5.955
3.936
4.678
6.921
5.224
4.836
5.164
6.669
4.609
5.161
6.381
9.29
8.48
6.936
8.79
8.53
8.72
5.47
10.25
9.79
9.63
5.551
11.31
7.967
11.06
12.97
12.63
14.87
5.441
4.874
10.62
4.393
13.25
18.14
13.46
17.42
12.75
16.57
32.72
28.26
35.34
27.81
20.27
11.43
21.36
17.95
14.59
17.6
23.68
23.32
18.03
29.16
32.28
21.29
29.84
31.65
27.4
29.73
32.59
32.04
25.89
27.63
23.25
26.46
27.56
27.74
26.45
31.29
34.76
32.7
31.38
21.76
20.8
22.44
26.38
41.35
43.31
45.75
40.1
17.67
37.43
39.54
38.31
40.82
39.04
32.4
42.71
51.14
52.56
46.63
43.79
43.15
44.36
45.4
36.6
53.73
40.45
46.32
51.29
52.36
47.34
34.33
21.47
32.99
20.93
11.93
8.82
8.26
13.91
7.469
10.25
25.5
29.01
32.76
29.98
32.9
35.67
39.74
37.18
20.39
17.58
13.94
21.69
26.41
33.75
31.52
34.15
32.6
33.13
24.46
33.62
30.76
23.24
16.82
11.69
14.45
9.75
11.12
11.82
9.44
6.866
9.2
7.786
7.663
8.85
7.252
5.969
2.635
2.258
4.215
6.571
4.238
4.894
3.288
3.56
7.678
6.817
4.507
2.24
2.416
1.176
2.477
2.836
1.215
1.384
2.38
3.067
2.027
8.66
5.285
2.6
1.911
1.918
2.778
3.974
5.939
2.197
3.444
3.371
6.069
7.193
13.05
24.43
26.2
28.46
25.36
25.03
27.47
35.38
36.83
43.63
46.23
44.12
51.08
48.62
51.17
53.81
52.09
53.23
52.03
48.07
38.61
38.7
36.31
32.59
25.65
25.33
12.21
8.26
9.67
17.59
12.68
10.77
10.98
8.63
9.8
10.72
11.41
9.81
10.03
8.96
7.86
7.377
8.65
9.2
8.45
7.227
8.03
7.071
7.918
11.33
9.11
7.681
5.821
4.226
2.944
8.97
7.019
5.211
3.073
7.207
7.622
7.257
6.711
6.082
7.205
2.06
9.46
9.47
3.411
1.365
2.986
3.371
0.923
2.59
3.152
1.736
1.316
0.557
1.612
2.261
0.9
0.825
3.093
2.787
1.315
2.178
4.578
3.647
3.692
3.296
3.872
3.148
3.24
1.765
2.308
4.5
2.995
1.281
6.45
7.821
5.214
4.803
3.786
6.447
7.885
8.59
7.711
8.86
9.85
8.68
5.179
4.513
2.828
5.721
8.29
9.18
7.509
7.641
9.1
8.25
9
8.65
8.03
8.6
6.923
4.707
5.051
3.928
3.715
4.025
5.718
7.152
9.24
7.66
6.804
6.973
14.02
10.76
7.043
5.05
10.97
5.24
1.97
3.088
2.945
2.36
2.551
3.025
5.058
4.05
5.368
6.48
5.749
7.297
6.622
8.11
8.03
8.43
5.677
3.248
3.3
3.755
7.871
8.18
9.58
10.42
10.51
8.87
9.4
5.327
5.173
9.24
5.772
8.4
8.9
11.94
16.19
17.86
17.8
21.28
22.35
28.88
26.08
15.72
22.37
17.9
21.45
14.11
24.52
19.99
29.44
24.41
24.97
36.57
41.77
44.59
28.56
19.67
15.33
26.41
30.13
15.04
27.49
47.77
54.07
56.23
48.02
51.53
47.01
45.84
56.35
54.42
49.38
52.69
50.28
45.59
38.12
38.25
34.41
31.35
25.86
26.63
26.64
24.87
30.33
36.34
42.23
40.35
41.51
34.7
39.94
32.87
34.83
47.33
58.79
38.96
32.54
22.61
20.19
20.95
22.7
13.82
24.36
22.01
46.89
47.5
44.84
45
47.11
43.16
43.37
46.59
44.92
34.97
33.67
31.96
24.97
13.6
15.99
32.21
31.56
22.38
21.11
27.87
32.32
34.55
38.84
39.05
30.69
31.22
31.03
30.2
22.78
31.81
35.51
26.47
22.85
32.88
29.36
29.48
13.88
11.39
21.24
11.93
12.42
14.63
11.86
12.01
17.16
20.34
21.39
21.33
25.59
22.38
23.83
25.9
24.31
21.82
28.35
31.39
28.78
18.94
35.76
23.21
26.59
32.99
22.5
21.59
9.46
14.41
20.58
21.73
16.52
24.65
24.18
18.78
18.81
14.02
17.75
20.72
17.26
22.03
14.93
20.84
21.67
23.37
12.82
6.135
6.531
6.733
7.341
12.45
4.929
9.51
8.82
8.48
6.818
7.137
5.704
5.965
8.67
8.16
7.792
8.25
8.49
8.46
8.7
8.7
8.53
8.68
9.86
8.41
8.64
9.21
6.69
8.32
8.5
6.176
5.108
3.068
4.05
3.45
4.446
5.418
8.57
8.54
5.128
4.517
7.718
6.53
9.83
11.27
8.58
8.19
9.23
7.243
5.174
7.721
5.141
6.811
6.494
6.384
4.667
5.152
3.099
4.499
4.442
8.38
10.06
15.29
22.77
16.69
22.14
30.59
23.79
24.55
23.36
30.21
32.51
25.03
23.95
26.92
30.56
40.13
42.48
33.87
35.91
33.66
35.08
35.01
35.46
32.96
32.48
29.61
31.73
35.5
27.41
25.37
29.39
34.11
32.08
30.88
26.14
24.91
25.25
26.91
26.73
24.09
21.98
22.48
27.06
31.05
30.71
33.22
36.21
24.43
27.22
27.57
32.24
26.66
32.19
14.37
19.86
10.26
9.91
8.09
7.237
9.07
11.13
14.15
9.24
10.26
9.53
12.22
11.31
8.33
9.5
7.978
7.361
7.539
6.445
10.62
9.14
13.56
9.44
8.03
11.05
10.34
10.83
9.13
8.44
12.3
9.36
12
10.63
8.19
9.15
8.55
6.934
8.11
5.813
6.838
8.34
9.63
6.885
8.33
10.99
4.664
7.983
9.1
8.92
9.78
6.365
5.945
5.777
6.712
4.693
6.518
5.823
6.366
7.448
6.683
4.092
6.543
5.509
3.302
2.861
4.961
8.52
8.23
6.604
5.618
5.75
4.231
5.695
7.741
4.968
7.639
7.369
7.894
7.486
9.03
9.66
8.25
5.34
3.434
0.382
1.355
1.663
1.376
2.882
1.739
1.705
3.696
2.456
2.338
3.49
1.105
0.485
0.904
0.559
0.599
4.768
1.028
3.708
3.043
2.744
1.029
5.047
3.566
2.58
1.211
1.272
1.717
0.646
0.979
1.005
0.312
1.264
1.193
2.037
2.155
5.918
4.841
5.619
1.681
1.641
3.074
3.038
1.574
0.707
1.02
1.902
1.888
0.861
1.538
1.912
2.545
3.499
1.912
2.239
3.924
0.508
4.298
3.228
1.454
1.743
2.135
3.556
3.02
3.005
2.866
4.973
3.154
3.619
7.26
3.063
3.62
3.531
4.255
1.749
2.31
4.365
1.41
2.457
2.49
8.22
11.56
13.81
15.17
13.58
11.57
14.23
30.15
30.36
36.01
42.45
43.05
47.04
53.65
57.83
54.44
49.61
44.42
47.69
53.7
49.71
49.64
63.72
73.52
80.2
75.77
75.53
75.68
73.3
69.16
69.95
70.52
62.01
68.7
69.94
54.05
49.53
49.54
51.1
53.54
49.37
46.22
50.07
51.98
45.23
43.11
35.26
35.78
34.53
35.13
39.02
40.22
42.53
42.57
34.8
30.92
32.69
29.98
23.37
16.62
11.84
18.64
22.64
23.11
21.75
11.16
7.78
16.9
5.473
8.31
6.33
8.08
5.455
6.759
8.31
7.403
7.525
8.97
11.83
9.53
8.87
6.132
6.708
7.902
9.26
17.61
6.772
6.964
7.086
10.77
9.28
11.46
13.58
9.84
8.74
10.72
28.37
31.63
30.62
27.54
16.77
14.97
11.91
9.45
6.678
3.628
7.604
4.84
4.652
5.49
8.54
5.947
4.906
5.123
3.613
5.12
8.28
10.53
9.22
9.86
7.496
9.99
7.532
9.06
8.7
8.56
10.36
6.155
6.523
5.8
6.165
6.156
7.366
7.467
9
9.94
9.4
9
5.411
5.081
1.043
2.162
3.592
2.966
8.71
9.07
7.757
7.02
6.947
8.34
12.73
7.691
7.279
6.656
8.87
7.491
9.33
8.63
7.731
6.729
5.256
7.994
10.12
8.09
2.793
2.036
4.434
2.704
1.847
2.532
2.755
1.621
3.008
4.11
3.16
2.137
2.913
2.326
4.994
5.708
6.542
8.62
7.413
6.604
8.34
6.973
7.735
5.581
7.438
7.865
9.47
5.68
2.5
3.389
7.643
5.712
8.58
5.905
11.53
10.49
9.73
10.31
11.9
11.87
11.12
8.15
4.671
1.188
2.796
0.97
0.586
1.343
4.079
2.994
3.14
5.605
2.053
9.01
6.223
8.9
8.8
6.756
5.733
8.12
7.844
9.83
10.31
9.95
6.023
6.874
6.362
18.8
22.74
20.13
22.52
22.08
15.69
11.06
8.79
8.52
9.56
13.88
14.87
19.98
25.38
45.5
42.98
41.18
39.43
40.64
42.89
37.55
36.19
32.29
35.12
34.24
39.9
41.8
39.16
39.71
39.89
39.41
41.2
41.25
39.64
40.51
40.7
38.52
28.9
26.82
27.51
35.93
45.4
47.98
52.79
51.78
54.79
54.85
53.71
53.36
50.61
56.73
51.72
53.89
50.96
56.69
56.92
57.01
52.14
48.33
51.96
49.54
50.26
55.37
52.57
54.3
50.6
44.99
51.36
48.23
46.85
47.07
43.47
43.83
31.45
25.09
32.89
38.58
42.52
39.04
31.3
32.55
30.94
37.65
15.99
17.01
9.98
12.85
14.42
7.509
21.01
29.27
16.42
19.98
17.04
17.72
8.61
6.452
9.38
7.549
13.16
33.87
33.08
22.06
16.39
16.1
23.9
25.89
21.26
23.74
17.86
12.04
6.959
10.61
8.85
9.21
11.23
13
7.802
6.22
7.617
8.04
6.15
5.356
9.32
12.87
8.68
10.26
12.08
9.56
7.671
10.45
9.13
11.3
6.472
8.86
9.66
11.37
9.43
9.29
6.755
4.609
10.14
6.573
8.28
8.16
12.42
14
23.09
32.81
32.42
37.44
34.61
36.59
37.09
39.29
40.35
40.05
37.17
36.48
36.32
35.22
31.83
29.93
29.06
25.22
16.57
10.61
12.22
9.34
14.67
7.901
15.99
11.54
11.77
22.25
30.36
16.99
17.03
15.29
18.27
29.42
37.58
38.92
29.66
29.14
29.82
42.3
38.82
33.96
38.11
43.06
44.47
55.91
52.28
44.09
33.61
26.94
29.31
37.18
40.39
33.15
28.93
15.89
16.94
20.63
21.11
16.42
19.98
27.89
34.88
38.77
34.29
24.84
28.96
37.52
33.07
29.31
42.18
46
51.5
50.49
51.48
56.47
60.68
62.78
60.97
60.34
53
50.01
56
54.91
55.2
51.86
42.66
57.47
42.55
44.89
50.42
35.64
33.11
40.84
43.68
36.51
45.71
41.07
38.15
39.63
43.72
43.02
37.27
36.54
29.62
22.39
20.86
11.21
14.08
13.02
9.45
17.44
22.44
18.82
23.49
28.11
21.63
21.04
25.19
28.95
28.62
30.85
31.08
31.33
32.62
30.7
30.4
35.84
30.51
37.27
40.63
40.1
32.3
24.63
22.97
12.78
10.98
8.59
8.6
6.442
7.979
7.633
9.31
9.11
6.128
5.58
6.675
6.898
8.73
8.42
19.91
13.77
10.07
14.75
19.77
23.85
21.05
20.4
20.04
16.91
9.24
11.11
14.11
15.23
15.32
18.53
25.44
26.74
35.08
37.89
36.57
39.16
38.9
37.04
36.15
37.89
30.72
28.76
26.72
21.65
25.39
30.67
35.01
36.6
32.08
36.1
31.06
19.36
25.16
27.02
29.32
26
23.46
17.31
19.46
24.89
23.69
27.5
26.65
26.41
29.88
29
27.4
29.68
29.63
32.75
21.99
25.04
28.34
33.31
34.2
34.23
35.83
28.22
31.5
26.82
29.71
25.91
27.98
21.18
29.33
25.13
29.03
27.07
35.29
33.52
29.54
39.72
48.87
41.12
42.49
41.23
40.26
47.36
44.97
44.96
45.34
44.88
42.4
46
37.89
34.54
27.65
28.49
35.75
31.8
33.35
33.88
34.18
35.62
36.13
37.09
38.53
40.82
35.49
43.7
37.72
38.42
32.14
41.59
43.03
40.56
50.01
46.3
40.05
33.84
28.06
32.12
29.21
32.06
32.13
26.78
28.26
32.27
34.52
30.93
29.29
28.67
29.86
28.52
32.43
34.3
31.69
32.66
25.7
27.66
23.73
25.05
23.17
18
22.52
16.76
19.6
23.69
35.23
38.97
31.69
28.29
19.28
18.8
22.23
21.31
19.52
19.31
22.32
23.53
28.52
39.46
44.85
47.22
44.21
38.74
40.44
38.84
39.61
43.84
43.65
27.17
42.84
17.05
34.96
32.95
32.16
28.73
20.71
20.7
13.29
11.55
9.12
12.92
9.18
18.9
14.4
19.51
10.12
13.42
10.59
14.88
25.78
27.61
25.58
24.33
16.79
11.22
12.87
25.07
28.59
17.6
24.83
31.55
29.94
31.5
33.02
33.04
31.71
25.12
24.31
29.6
29.28
33.86
33.87
36.61
38.83
30.45
25.89
36.05
33.44
33.58
30.07
35.22
30.94
38.29
38.4
29.11
32.09
34.58
29.91
39.41
37.64
34.55
32.89
32.58
34.73
27.97
25.72
25.03
25.87
16.03
18.88
8.89
11.42
17.09
17.34
8.88
11.97
17.83
15.39
21.11
25.28
19.26
12.78
11.23
11.43
19.6
14.92
18.53
19.32
12.05
7.762
5.898
18.19
24.15
30.02
26.78
32.51
27.71
27.63
18.78
19.26
11.83
11.06
7.533
8.57
11.01
8.06
7.618
7.985
6.347
5.991
7.132
6.616
5.637
5.868
1.865
1.459
3.28
5.375
6.749
8.8
12.56
13.66
10.52
8.24
8.19
4.485
6.97
4.598
5.546
5.89
5.324
1.956
3.963
3.109
4.191
4.278
8.42
16.42
12.76
9.34
6.152
6.847
8.41
8.65
7.636
6.61
9.14
8.38
8.03
8.25
8.9
7.679
8.13
6.61
7.787
7.776
7.348
9.31
8.73
7.166
7.669
6.44
8.14
10.29
11.07
14.21
20.97
17.19
10.1
14.25
17.53
19.1
17.29
14.55
14.48
13
12.44
10.05
9.2
9.8
10.08
8.34
9.22
3.841
11.85
11.94
7.624
5.839
7.424
7.684
4.383
5.115
2.864
2.563
4.522
3.342
1.271
0.073
0.629
1.15
2.704
2.602
3.192
2.316
1.408
2.064
3.241
1.397
3.393
2.203
0.515
0.766
1.913
4.764
10.73
9.14
8.62
6.826
9.52
11.57
11.83
9.19
12.44
8.36
19.03
23.19
19.7
17.35
18.28
11.29
4.853
2.713
3.541
6.519
7.042
10.57
8.05
9.82
8.84
10.03
8.35
7.023
6.395
6.684
7.089
3.053
4.182
3.523
4.745
2.224
1.914
0.848
2.413
0.787
0.802
3.053
1.531
2.062
0.655
2.046
2.886
3.537
2.993
1.416
2.837
3.574
10.07
15.42
13.17
13.67
12.49
8.82
9.38
11.72
9.61
7.481
7.289
6.417
4.635
5.943
6.472
6.052
5.977
2.12
1.749
0.927
0.417
4.262
6.554
8.93
6.74
8.85
7.877
7.175
8.3
7.944
5.643
6.745
6.692
6.007
6.997
13.35
11.88
11.98
11.15
6.595
1.576
3.171
1.367
3.191
7.854
8.79
7.464
11.01
9.65
9.88
7.108
15.98
21.35
19.05
16.91
21.73
20.7
15.44
7.479
6.829
3.054
4.43
9
9.21
6.406
8.24
4.332
2.172
2.586
2.043
14.27
17.4
14.31
21.46
21.89
21.85
25.02
32.59
29.83
27.89
15.78
6.884
10.11
18.54
22.06
29.46
26.63
19.69
13.61
11.28
16.98
15.59
15.96
19.25
26.47
25.3
26.29
30.18
14.01
11.24
9.86
6.601
8.82
6.258
9.9
10.64
9.9
9.63
13.56
15.78
15.67
9.05
11.67
7.817
1.995
4.154
8.36
17.36
23.24
13.65
19.54
32.93
15.57
18.23
9.93
16.61
11.03
25.28
17.15
29.53
43.02
24.59
15.96
18.51
30.19
25.62
20.28
19.43
10.96
22.68
35.74
32.46
22.91
31.13
24.94
32.32
24.45
22.77
29.43
32.8
29.38
29.84
24.79
24.13
23.41
22.57
9.56
14.64
24.34
27.37
27.86
28.65
36.42
42.05
44.12
48.04
50.81
49
46.54
36.26
34.48
25.74
17.9
29.33
29.65
30.91
32.8
38.35
40.16
43.09
44.86
48.5
41.58
40.08
37.2
40.03
32.07
26.39
22.58
22.16
13.56
16.29
14.63
22
19.05
16.83
15.77
15.05
25.43
15.23
21.2
27.57
35.36
37.36
39.39
33.23
27.29
31.05
32.21
26.46
29.2
31.05
32.86
30.65
38.56
42.91
42.95
41.52
40.28
21.15
32.42
44.92
46.14
38.29
33.06
46.75
52.72
42.69
49.85
50.61
53.11
51.43
44.53
40.94
34.28
41.25
49.06
56.47
53.51
33.18
24.18
25.95
23.3
22.76
17.45
13.81
18.03
20.53
10.34
11.51
25.55
37.35
20.9
12.44
9.58
11.19
13.75
18.76
12.3
14.47
18.48
22.27
23.25
26.07
31.85
30.35
29.33
33.43
44.09
50.97
56.26
61.13
63.77
64.95
55.71
53.13
54.03
51.17
51.06
50.76
42.43
38.38
39.84
35.62
31.15
24.54
27.14
29.53
24.45
24.18
27.48
21.9
15.38
32.57
34.5
29.01
28.59
32.05
26.71
17.42
14.88
12.47
12.45
12.7
15.08
12.2
14.8
14.87
10.63
10.72
16.36
18.81
16.13
12.23
10.85
12.46
15.77
21.39
18.76
23.8
28.35
28.15
30.81
27.38
33.34
38.05
44.46
30.55
14.98
20.19
14.77
19.03
20.41
18.47
32.55
35.93
42.59
38.64
35.74
21.79
12.08
16.02
24.48
27.38
21.01
16.48
17.28
12.82
11.05
13.61
14.51
18.12
16.57
15.51
11.4
19.26
22.01
23.61
23.29
30.78
30.87
30.43
30.44
23.54
29.81
33.49
39.92
38.16
50.29
57.02
61.4
70.01
59.49
46.85
41.71
35.23
30.24
34.65
28.46
31
37.94
35.79
21.66
15.06
12.3
16.2
16.66
19.98
17.91
15.41
15.93
18.88
16.03
12.79
14.17
19.28
23.17
24.55
29.71
31.67
19.7
25.05
33.38
35.33
39.82
31.44
29.83
23.35
22.88
20.5
20.9
26.9
32.85
28.82
35.18
37.06
35.85
30.15
37
35.51
19.56
16.87
14.5
17.6
17.61
14.98
17.43
17.38
20.95
13.9
11.16
8.86
13.18
17.85
23.15
22.07
20.58
19.95
22.54
22.9
28.85
23.74
20.49
17.48
16.06
21.24
22.88
24.05
28.16
26.86
23.57
27.28
25.69
27.17
27.8
22.56
24.51
22.05
20.66
23.61
11.94
12.64
13.12
12.99
11.3
8.82
13.98
8.04
8.92
12.29
12.39
16.41
14.48
15.09
13.88
13.84
11.86
19.72
17.93
15.12
9.5
8.65
21.2
16.28
26.76
23.34
15.27
15.1
14.46
16.93
19.11
24.94
28.86
21.95
31.49
31.25
34.98
34.26
22.6
27.63
25.33
25.79
22.95
22.03
19.48
25.83
21.57
23.55
28.52
23.78
21.43
22.33
24.46
33.88
32.91
33.94
28.21
29.17
29.1
25.66
26.47
21.86
24.13
26.24
24.68
19.29
22.79
28.93
23.75
20.26
23.46
27.52
26.83
38.49
22.81
21.22
20.67
16.55
20.59
17.65
18.46
18.06
16.25
17.91
21.67
31
29.38
27.8
30.73
38.99
40.63
51.8
50.76
42.04
42.46
44.49
46.55
55.3
79.35
75.41
61.48
64.11
64.09
63.07
65.85
63.8
63.3
60.96
60.38
67.35
64.07
66.42
59.32
54.07
54.9
46.16
41.27
31.61
30.75
32.99
29.64
22.57
15.59
9.36
6.458
15.94
14.85
21.49
24.56
20.24
20.93
22.33
22.77
16.34
20.43
14.12
17.1
16.59
17.67
19.69
17.68
12.22
11.31
9.39
9.79
14.17
11.23
12.56
14.71
9.34
4.72
2.623
1.88
2.453
1.629
3.643
7.349
13.34
21.43
23.77
25.78
18.68
11.64
12.62
13.24
19.86
19.02
30.92
31.99
28.08
24.85
23.63
28.86
24.93
23.38
22.41
19.65
19.3
16.35
19.65
22.43
23.85
26.5
22.89
20.45
19.96
17.91
26.45
16.89
10.34
14.81
15.52
15.74
14.7
16.01
12.28
13.26
11.18
15.41
17.29
19.66
27.1
26.89
18.66
14.5
8.63
6.209
12.05
19.26
16.02
10.07
12.66
13.27
19.03
16.23
15.38
10.49
8.91
11.65
8.94
15.19
11.21
16.51
12.84
8.35
13.79
15.15
11.98
14.29
11.99
16.22
16.68
23.28
25.13
26
19.4
15.25
12.72
28.97
25.21
30.03
42.18
44.77
42.32
44.47
42.17
41.25
30.89
22.77
26.3
26.45
28.58
33.09
37.5
29.46
24.5
22.85
29.18
26.26
28.1
26.32
18.46
15.48
12.08
10.96
15.32
19.04
14.84
10.42
8.04
8.59
11.43
11.7
18.51
23.1
24.02
15.59
15.79
10.18
13.6
17.74
22.98
25.24
29.45
34.38
36.32
43.61
46.92
44.99
45.99
45.35
48.45
53.5
58.84
46.14
42.45
41.8
38.7
40.92
37.8
35.45
32.12
34.86
33.95
35.81
35.07
33.45
31.59
29.78
31.28
33.57
32.59
20.57
32.75
27.21
33.14
26.82
28.85
27.92
31.42
35.91
37.65
33.31
20.77
18.52
16.46
22
21.64
22.11
30.43
34.85
25.4
22.23
19.94
37.16
38.72
35.33
31.92
38.76
35.78
40.55
25.67
7.396
12.51
21.17
23.72
36.3
37.67
42.83
42.1
37.96
38.14
28.37
40.2
56.96
50.3
34.19
20.59
21.69
19.03
20.43
23.32
18.63
14.69
22.87
28.94
32.33
30.86
35.43
17.97
22.83
17.33
15.95
13.9
14.75
28.33
15.32
8.98
25.85
31.22
35.78
33.07
40.28
32.74
31.11
41.81
38.23
45.93
45.9
47.49
37.17
35.84
26.31
36.45
35.9
20.43
16.57
12.52
19.11
21.83
28.07
29.17
18.72
11.83
9.31
8.42
8.05
12.65
8.14
12.91
17.63
16.64
8.11
8.59
5.862
4.531
4.848
6.875
16.64
16.21
13.94
12.08
6.027
6.382
5.814
5.669
5.222
4.459
3.665
2.477
3.787
4.252
5.2
6.055
6.053
4.293
7.186
7.355
7.338
8.46
7.33
9.19
11.1
5.917
8.46
6.931
7.584
3.225
10.56
12.07
11.27
13.17
9.37
10.89
7.241
8.59
12.46
18.16
20.59
16.56
15.67
14.93
14.26
13.66
14.71
13.98
12.63
12.71
10.91
9.68
8.76
6.991
5.996
5.842
4.123
3.105
1.655
3.506
4.969
3.992
3.395
4.877
4.916
4.736
5.288
7.243
8.9
10.38
9.2
7.916
5.995
3.77
7.423
8.56
7.082
7.247
9.21
7.662
5.491
7.204
8.97
12.02
8.19
12.23
12.54
20.95
21.02
19.49
22.87
18.48
7.102
7.471
12.32
12.84
12.61
10.48
6.055
8.96
11.47
10.95
7.973
3.84
3.433
3.161
6.305
4.563
8.52
8.07
5.306
9.73
10.56
7.232
8.16
6.043
9.88
5.743
7.285
8.61
7.74
7.852
9.08
11.71
8.64
14.63
12.25
14.98
11.34
6.555
7.537
7.115
10.25
9.55
14.06
17.08
11.1
12.11
16.25
16.24
11.63
4.436
5.153
3.903
7.231
4.396
5.341
5.812
3.874
5.742
7.894
4.896
8.2
13.76
17.03
16.01
13.76
7.173
9.67
8.83
2.443
1.39
2.598
5.834
7.368
7.441
6.946
8.23
5.723
5.818
3.484
4.854
3.363
6.811
5.223
6.825
5.229
6.61
6.14
5.804
8.38
6.464
6.657
8.04
6.211
7.267
10.15
8.49
9.99
8.14
6.068
4.918
1.944
1.764
4.755
14.36
16.11
14.26
13.24
12.47
14.24
14.93
6.68
6.805
6.087
9.8
6.852
12.36
16.73
17.02
15.46
9.3
10.87
12.96
11.92
9.5
11.3
16.94
17.46
20.36
19.17
23.91
20.6
19.27
17.43
17.35
17.02
6.099
9.33
10.17
17.24
12.1
9.69
14.92
9.13
9.81
9.23
9.22
11.06
15.79
13.94
13.75
14.55
13.06
18.96
20.43
19.71
22.88
26.49
29.1
35.11
24.88
18.77
21.83
14.99
17.94
25.99
14.38
8.34
7.069
6.965
10.07
6.266
6.797
9.08
7.062
8.22
16.09
11.11
17.76
21.17
24.71
26.5
21.71
20.7
17.25
7.712
14.53
16.51
10.79
12.23
9.56
11.46
9.07
11.32
10.06
10.02
8.25
12.87
9.82
15.69
18.02
19.92
19.99
13.83
18.33
17.36
20.61
19.98
24.41
19.78
20.17
15.49
16.89
16.17
14.88
15.99
22.25
20.15
19.71
22.1
19.78
22.05
14.88
25.54
19.92
19.62
14.96
19.94
20.59
19.85
17.25
15.41
13.79
13.12
20.4
17.16
17.44
19.74
17.59
17.52
15.21
11.76
14.82
15.5
9.37
13.42
3.796
8.23
5.255
5.906
11.29
6.336
14.71
18.2
22.35
25.59
29.4
23.74
17.88
27.71
15.26
4.667
8.58
7.114
9.52
13.62
25.03
34.76
39.65
37.99
31.42
34.61
32.73
29.71
33.69
31.51
36.57
39.29
42.2
42.03
35.67
29.43
23.49
19.01
19.66
16.67
17.32
22.92
16.61
16.16
18.12
15.75
12.68
9.34
5.557
9.19
14.64
6.575
3.813
4.469
6.897
8.43
21.33
23.43
25.9
27.81
28.05
27.1
29.06
27.11
14.61
17.88
16.06
13.92
8.07
8.33
9.55
7.493
11.9
10.37
8.48
9.18
7.463
10.7
8.04
7.502
5.603
3.821
15.34
24.03
30.97
28.8
27.55
20.25
13.54
18.9
20.16
13.9
7.604
4.29
9.62
6.916
17.58
25.11
25.32
29.18
26.72
27.4
14.89
18.62
8.69
8.48
8.1
6.848
6.148
12.21
12.94
13.57
10.65
8.21
7.937
8.23
10.15
7.565
6.562
11.98
22.55
29.32
21.2
27.79
16.17
22.01
26.2
23.56
27.43
27.41
24.58
24.12
25.33
32.28
32.08
34.81
29.57
23.91
27.06
26.61
22.44
24.03
26.61
25.23
23.98
30.99
27.48
29.19
31.85
31.98
33.17
38.08
39.41
32.94
31.02
36.59
33.29
38.96
41.36
39.95
40.38
41.14
28.35
31.68
26.44
25.8
23.35
19.64
15.74
20.95
28.76
27.45
21.21
11.81
12.1
9.88
8.86
8.74
10.37
11.23
10.2
10.27
10.96
6.46
16.24
20.61
20.53
16.6
15.24
13.92
12.32
11.09
8.95
6.701
6.225
4.386
1.577
0.634
0.574
4.925
5.556
4.815
4.841
5.429
5.787
6.53
5.578
7.774
8.98
10.29
7.585
6.824
4.056
8.28
6.84
7.757
9.28
9.18
15.24
15.13
12.16
27.35
36.41
30.61
34.13
40.87
33.92
32.66
34.76
32.04
28.89
27.84
28.11
21.15
21.84
21.4
16.03
12.22
21.08
17.62
13.73
22.85
30.21
32.52
32.17
28.81
33.53
27.47
30.97
32.66
31.73
26.22
18.41
25.09
25.63
26.28
21.94
29.17
15.56
21.69
17.96
13.58
7.461
12.62
8.85
8.99
10.1
10.01
10.91
15.94
13.01
13.95
12.08
19.24
18.39
22.66
23.95
23.52
21.78
19.84
19.32
14.79
9.28
9.89
8.7
11.7
9.67
8.84
9.37
3.511
19.13
23.74
12.95
13.95
13.07
11.92
10.45
9.67
10.1
8.6
6.734
7.098
4.873
5.686
4.441
4.754
3.397
4.328
8.23
4.138
6.811
10.32
9.38
6.662
9.88
15.22
17.66
15.19
19.86
23.56
24.85
23.54
24.95
22.26
20.54
14.25
18.74
11.3
7.996
14.29
9.7
15.35
14.89
17.11
18.22
17.78
19.89
19.84
14.69
14.17
9.08
7.718
8.46
3.94
1.769
1.954
3.003
5.369
6.626
9.86
9.51
7.985
9.4
6.176
4.464
6.359
7.408
6.678
4.462
9.37
8.43
9.04
10.98
14.38
17.21
11.79
14.08
18.17
19.08
18.79
17.11
18.64
13.8
5.907
11.84
10.6
9.16
14.93
21.48
16.23
14.65
12.67
12.12
9.61
15.42
9.64
10.07
11.19
10.49
15.44
21.47
19.33
10.74
13.58
21.2
27.98
29.46
31.19
32.98
33.02
33.73
35.04
32.16
36.15
34.07
35.9
34.8
37.08
39.38
38.94
33.69
27.05
20.1
18.97
17.77
13.63
15.92
19.01
25.04
22.77
26.16
27.39
29.65
28.67
17.7
10.13
7.053
9.03
6.287
6.06
7.891
10.13
6.792
8.35
9.34
7.372
8.53
12.71
18.04
17.54
17.19
19.77
23.8
28.26
31.56
30.58
34.62
32.52
33.95
32.8
36.7
38.32
38.14
40.13
33.25
29.22
24.99
32.44
34.89
38.11
38.84
41.54
37.65
36.24
28.98
27.08
25.32
16.02
10.18
18.07
23.91
16.86
19.07
17.95
28.85
16.24
16.91
16.37
28.6
24.95
21.69
16.78
14.77
18.33
14.88
15.39
16.66
16.95
26.7
26.45
26.96
30.48
26.22
23.82
21.73
19.42
24.64
21.09
25.21
27.67
39.46
37.56
36.18
47.92
43.12
46.1
43.78
34.36
31.23
20.73
8.44
7.724
8.64
19.63
27.95
32.06
28.73
23.04
21.26
25.19
19.21
12.73
16.65
9.55
11.51
13.49
9.04
4.386
10.55
5.594
5.662
6.7
5.952
4.955
13.6
13.57
13.94
24.72
23.53
32.92
34.27
21.1
27.92
27.39
24.1
23.09
15.76
16.18
15.1
19.39
23.23
26.93
24.5
29.01
35.25
33.38
28.09
25.29
24.25
21.81
19.54
23.33
27.53
24.2
21.3
20.64
19.37
13.07
16.21
7.814
7.93
11.67
8.83
12.06
9.29
10.91
9.44
12.48
9.96
5.823
8.5
6.693
11.52
12.52
3.739
4.56
2.656
4.544
24.57
33.45
27.01
28.44
40.12
40.51
44.71
46.8
40.11
29.86
28.49
31.88
31.07
31.56
22.83
27.54
32.86
31.51
39.14
41.22
44.2
47.43
48.09
19.89
13.81
8.68
9.46
7.942
14.46
25.37
29.72
26.19
29.39
33.98
37.76
30.34
30.71
37.66
32.36
28.02
35.07
38.1
29.52
23.49
17.47
10.24
8.04
9.99
9.9
7.5
6.754
3.905
8.14
7.931
6.044
6.813
10.68
11.01
11.06
8.76
5.994
3.504
8.28
13.33
10.79
9.28
18.08
10.17
25.95
19.93
12.28
10.02
12.47
18.4
9.08
10.8
10.43
10.4
11.29
8.92
12.23
22.83
24.17
29.64
30.1
35.79
36.84
40.68
36
25.77
20.5
24.81
28.69
32.67
30.74
24.14
25.79
20.62
28.32
32.89
29.4
36.13
37.22
34.68
29.89
26.23
33.81
37.91
35.42
19.76
23.82
28.73
33.41
27.61
22.24
17.26
8.64
11.68
15.94
14.89
11.54
14.8
17.21
14.29
13.49
18.37
17.2
15.47
28.49
30.29
22.31
3.421
2.897
1.911
4.699
2.075
2.402
2.108
0.596
1.996
5.901
5.049
3.819
3.719
5.21
4.512
4.087
3.231
6.466
4.889
3.812
7.151
4.098
3.326
4.668
3.485
2.335
3.444
2.612
3.74
3.583
1.799
4.22
0.909
3.52
4.884
1.737
3.998
5.275
6.494
7.966
8
7.87
7.568
7.619
6.739
6.317
6.777
5.567
5.273
5.058
2.385
2.573
4.883
1.061
2.424
2.235
2.238
2.25
3.346
1.657
3.524
6.032
7.582
8.28
6.413
6.006
7.732
10.94
8.14
3.892
5.072
8.63
9.22
6.06
6.919
10.17
7.068
8.16
10.42
8.76
7.606
6.604
6.098
6.739
7.795
7.311
7.089
4.781
5.344
7.608
7.888
5.956
3.766
5.473
7.647
7.269
7.605
8.24
10.38
7.125
7.182
10.2
5.689
7.809
6.245
6.369
6.601
7.971
10.88
9.43
7.061
19.39
15.94
7.673
17.02
12.16
8.85
8.1
8.9
7.19
8.59
7.404
5.846
5.347
2.046
3.798
4.213
6.776
8.93
5.195
7.903
8.66
6.655
10.31
9.55
7.949
6.29
9.17
9.4
6.875
6.72
7.853
8.17
4.476
5.842
8.05
8.31
6.663
7.658
8.82
6.295
5.931
5.725
11.4
8.24
9.6
7.36
4.727
7.646
6.87
5.091
8.34
10.78
5.553
9.16
7.119
8.27
8.73
7.113
6.075
4.532
5.351
7.633
7.6
9.29
4.979
7.734
8.47
7.835
7.794
8.43
7.904
9.88
10.22
6.499
4.989
6.176
7.571
12.37
10.09
9.14
9.61
11
8.04
7.403
4.332
3.538
10.52
5.881
3.167
2.998
2.548
3.017
8.29
8.05
7.537
7.434
7.269
6.282
5.775
4.007
9.03
13.09
13.34
15.57
18.8
9.9
2.827
2.085
1.566
1.569
1.323
1.74
6.168
5.315
1.951
4.323
4.365
0.83
2.546
1.337
1.765
3.08
4.873
5.405
4.637
5.711
6.535
3.763
5.851
8.53
8.16
9.05
13.1
8.41
5.824
6.081
2.804
5.531
1.569
3.469
3.542
2.834
3.353
5.205
4.51
2.812
2.432
3.271
4.494
4.082
3.712
4.538
2.498
2.525
0.658
2.413
1.816
1.867
2.694
2.508
2.38
2.18
2.175
2.231
2.588
2.768
2.214
1.556
1.24
1.062
0.997
1.155
1.167
2.554
1.498
2.528
3.046
2.27
2.053
1.569
1.392
3.193
2.027
3.325
1.201
1.802
4.678
2.142
2.349
1.169
2.368
1.299
1.03
1.416
3.291
4.573
4.451
4.71
5.512
4.774
4.911
5.508
7.686
3.166
4.31
4.02
2.696
3.291
3.16
5.385
3.701
6.062
3.331
3.553
2.872
4.13
2.137
1.917
5.277
0.772
2.83
4.971
5.059
3.872
0.705
1.647
2.27
2.859
2.079
2.236
1.835
3.443
3.168
2.32
3.45
1.539
2.912
3.185
1.564
3.149
3.749
4.139
1.274
1.432
2.343
2.241
3.692
3.007
5.27
8.94
8.47
8.45
5.848
6.428
3.018
7.076
8.16
10.34
15.5
14.29
10.82
9.81
8.7
19.75
28.63
27.84
28.11
33.12
34.7
25.51
36.06
34.15
35.81
15.4
33.87
33.25
34.46
21.02
21.91
11.19
17.55
20.9
14.44
14.03
11.86
5.154
5.632
5.746
5.27
9.56
11.54
5.74
3.065
4.481
5.276
6.242
9
10.62
12.63
11.51
7.701
4.453
5.62
4.286
2.37
0.84
1.411
3.318
3.525
3.724
5.03
3.066
5.831
0.904
1.174
2.021
4.493
1.997
1.472
3.425
2.436
1.691
0.997
2.925
2.49
2.903
2.754
4.155
7.702
8.56
9.39
7.764
6.9
2.419
1.993
1.948
6.872
4.645
3.282
2.063
1.613
3.507
2.367
5.01
1.845
1.222
4.091
1.085
2.196
4.875
2.799
1.521
1.616
4.538
1.595
1.744
4.198
4.025
2.147
2.525
3.605
4.676
1.796
2.862
3.038
2.81
5.696
8.04
6.87
8.92
12.43
10.5
10.45
12.04
7.294
4.924
6.151
7.05
7.807
8.68
6.596
8.3
6.298
5.174
4.161
7.584
6.55
6.563
9.56
4.931
9.18
16.7
21.8
17.73
21.92
23
27.23
27.75
19.74
27.3
29.42
35.4
33.58
33.55
34.05
33.04
33.9
33.48
37.34
38.44
41.09
34.81
37.36
38.61
40.42
36.88
32.88
42.58
40.12
36.77
29.31
31.28
33.43
28.4
34.81
36.16
37.14
36.1
40.71
41.55
39.04
34.66
37.69
39.66
35.67
34.72
40.58
31.13
40.47
42.28
39.11
35.44
26.93
26.03
28.96
33.94
33.93
36.84
39.68
33.07
35.1
33.5
38.09
37.44
38.95
28.9
34.89
39.11
39.82
40.79
38.46
38.02
36.34
35.44
34.04
33.05
35.93
34.52
35.29
28.09
37.45
38.19
36.14
35.85
31.9
44.11
51.29
43.85
49.14
44.38
41.95
38.1
45.74
32.67
41.74
48.4
55.05
51.92
48.06
49.33
48.33
49.34
53.6
52.2
61.27
59.98
53.17
56.86
53.26
51.39
54.54
51.5
48.72
49.42
44.94
43.84
46.42
45.86
38.73
37.88
34.1
31.43
29.19
31.54
28.61
27.1
24.23
14.36
21.77
18.7
16.82
18.6
31.31
23.33
20.34
19.46
15.7
11.31
16.83
18.09
20.59
20.92
20.32
23.61
20.05
23.53
21
29.77
29.32
27.07
30.07
48.17
44.76
38.97
40.46
40.56
38.4
40.97
39.37
37.59
37.67
34.58
33.29
26.79
27.19
25.49
24.97
24.96
10.3
13.07
10.39
17.26
34.56
28.87
24
21.89
22.52
32.65
30.64
30.53
43.75
37.9
35.74
37.88
34.24
38.47
37.69
29.96
33.81
35.06
36.66
41.24
37.45
30.36
37.07
34.91
30.49
29.15
18.28
26.71
22.89
33.21
42.3
48.04
34.16
27.32
28.55
28.89
41.78
26.24
16.06
10.22
12.85
13.63
11.34
12.31
11.65
16
16.22
39.54
38.47
37.77
35.26
43.6
40.73
28.92
14.7
16.93
13.39
23.97
16.67
13.49
10.35
24.26
25.94
26.28
26.44
18.95
16.42
24.71
12.74
11.22
14.23
9.56
7.779
6.246
8.39
8.58
7.885
7.714
8.25
6.586
9.18
15.24
24.03
33.87
24.35
14.96
8.86
11.56
9.6
7.054
14.69
11.03
14.46
16.64
15.5
11.08
6.44
14.26
18.51
18.61
21.79
13.46
22
17.53
19.5
12.45
12.8
7.935
11.36
12.28
18.74
19.45
18.57
18.78
24.31
27.47
30.6
30.34
34.06
29.99
26.09
18.58
23.11
31.73
35.49
42.07
43.18
35.1
37.93
36.56
29.03
31.12
38.67
32.74
43.64
38.58
46.39
47.02
40.99
41.21
40.23
39.26
39.54
44.56
40.34
33.83
35.93
32.84
32.83
36.75
33.19
30.81
29.07
28.03
28.49
32.33
34.39
29.82
28.29
25.25
29.25
29.64
31.66
37.09
33.03
36.97
43.52
48.67
49.88
49.84
44.59
45.71
47.99
49.1
46.88
56.78
63.94
62.8
57.64
59.39
55.16
58.31
63.33
60.75
54.31
60.67
52.89
58.9
60.26
53.23
56.16
52.3
47.77
49.4
46.99
49.97
51.08
35.02
24.74
28.72
33.68
39.77
45.49
51.22
50.97
46.05
54.4
58.8
48.08
44.42
37.73
34.25
35.81
41.91
41.43
42.71
38.31
43.16
43.86
42.59
37.37
35.38
31.91
28.4
18.79
12.04
8.74
9.58
10.59
13.7
28.25
29.97
29.84
35.13
27.79
23.74
25.31
27.9
26.94
23.64
9.59
6.81
9.35
11.48
9.05
6.663
12.19
15.9
33.9
39.03
57.46
55.55
45.37
34.22
40.98
52.88
57.09
46.68
37.49
27.23
34.8
35.1
52.75
57.99
56.1
45.96
47.95
52.37
43.96
41.78
46.65
50.13
47.82
41.94
36.59
41.37
46.18
65.79
56.42
61.2
60.4
62.94
54.46
51.02
47.73
43.53
40.43
41.49
38.18
35.51
31.81
38.73
28.61
29.22
35.68
37.36
23.34
21.47
13.65
10.08
6.96
8.29
6.818
8.48
8.33
8.4
8.5
9.03
7.104
10.43
9.13
9.44
9.79
8.51
6.946
4.309
4.584
10.24
9.76
8.64
6.945
8.96
9.39
6.46
4.281
3.883
8.85
10.56
7.446
16.15
24.55
32.91
29.32
29.38
36.18
41.07
41.26
38.5
34.7
35.53
38.19
36.3
41.16
37.07
35.65
37.58
40.65
36.14
36.12
25.1
35.72
28.04
38.57
29.12
32.12
24.06
35.46
40.06
33.33
33.02
21.46
13.94
9.68
10.85
7.381
9.74
7.223
9.54
9.18
10.47
8.36
11.13
5.903
3.418
4.745
3.57
4.002
5.064
2.602
4.376
4.27
5.102
3.119
2.406
3.22
4.596
6.675
5.835
3.565
5.476
5.112
7.607
7.538
6.618
7.93
5.412
4.498
6.867
3.734
6.591
3.28
4.497
2.631
6.087
9.23
8.25
8.7
5.606
4.338
4.755
7.336
5.814
6.348
5.587
2.491
3.96
3.798
4.342
6.044
4.907
2.804
2.707
3.005
1.034
4.595
6.546
5.611
7.629
4.684
3.428
1.646
5.966
9.63
7.177
6.126
7.26
4.799
1.821
1.856
1.387
4.01
2.213
4.658
2.56
1.825
2.34
3.106
2.887
3.813
1.34
1.161
1.373
1.786
2.407
0.578
0.764
1.889
2.038
1.672
1.343
3.817
1.316
2.495
2.68
1.133
3.54
0.73
3.754
1.609
1.544
2.234
1.971
4.017
4.454
6.168
7.272
3.526
3.567
5.42
5.874
7.17
7.642
8.41
10.01
20.05
19.44
10.59
8.95
8.87
9.78
8.83
8.24
11.3
9.56
11.8
11.09
9.51
10.68
14.58
11.16
13.48
14.45
17.09
23.38
15.9
19.96
23.96
33.17
31.28
33.42
42.64
33.01
32.92
37.16
46.34
36.98
32.44
30.38
24.76
26.29
24.51
21.96
17.95
23.14
21.4
16.54
19.93
15.61
21.05
9.47
12.05
13.58
10.78
16.8
18.82
25.45
24.44
19.59
23.63
22.68
27.16
36.44
37.09
37.81
30.95
31.88
29.94
31.29
33.85
35.65
34.55
39.13
34.98
36.22
35.12
35.53
40.77
37.86
40.1
44.96
39.37
40.82
38.92
36.82
23.52
31.85
23.63
22.29
26.67
30.76
24.29
30.35
33.57
29.13
25.11
26.01
27.32
26.57
22.27
23.6
23.05
24.2
23.99
20.61
23.4
27.98
28.55
33.37
32.45
40.44
45.2
40.51
40.44
40.41
44.52
39.1
35.92
29.26
42.92
45.67
48.22
35.74
20.85
16.67
21.59
32.35
33.81
44.83
37.6
26.16
33.26
38.26
42.27
42.16
33.92
21.23
22.5
36.35
39.37
50.67
49.91
44.32
33.75
28.77
30.61
32.22
24.68
21.17
27.4
22.91
22.5
22.67
12.46
9.96
6.74
10.47
7.737
7.011
8.39
8.22
10.39
7.727
7.2
6.663
17.92
24.21
16.3
21.65
22.81
3.471
5.895
15.65
23.4
28.47
20.39
25.71
15.12
28.39
26.79
30.84
44.46
45.97
47.67
46.74
39.18
34.74
32.94
18.28
17.03
16.06
23.5
12.58
18.78
25.9
18.22
13.4
19.44
21.35
22.99
28.81
26.29
24.92
28.11
31.85
27.8
34.3
36.11
36.71
32.66
31.09
36.97
29.05
24.59
19.23
19.71
21.67
20.25
24.29
26.75
32.53
23.09
14.02
11.43
19.92
18.05
14.75
18.4
31.33
31.47
31.64
39.28
36.93
34.97
42.11
38.19
41.27
31.9
29.52
31.99
37.74
36.33
33.6
30.2
23.34
21.94
27.61
35.6
34.85
33.76
31.91
26.3
24.62
16.37
14.7
15.01
13.29
13.08
14.2
10.71
14.37
32.41
20.2
42.27
25.78
36.15
25.26
34.61
31.32
30.97
27.77
25.71
32.61
27.11
23.11
18.34
30.38
27.5
19.77
9.96
19.07
20.04
23.85
25.85
28.63
32.86
29.42
27.89
23.34
17.03
9.45
9.4
19.76
24.76
24.67
27.13
28.5
28.17
34.39
34.68
24.86
27.28
32.16
38.06
37.81
32.23
33.14
30.68
36.65
33.12
29.04
31.43
31.75
29.9
30.88
28.69
22.07
20.99
23.08
27.94
23.22
25.47
30.74
21.34
21.4
24.7
19.66
18.32
19.12
20.7
18.99
14.35
13.02
21.91
12.44
11.51
9.86
11.28
11.82
5.471
8.43
36
17.7
9.51
8.55
3.586
3.808
4.781
2.688
3.133
12.06
16.88
15.99
25.31
23.94
15.88
9.63
7.361
14.45
22.13
19.2
20.87
18.67
18.45
12.78
19.78
19.17
16.56
29.87
25.48
27.18
15.27
24.14
22.26
18.87
18.82
19.15
30.14
33.3
26.29
18.29
24.25
24.3
24.31
27.55
27.86
26.46
23.83
25.1
16.13
21.89
12.4
12.32
11.69
11.62
5.185
7.538
8.7
6.935
8.93
7.45
9.31
8.54
10.27
8.89
9.11
12.44
9.77
10.43
9.65
9.21
8.43
11
9.86
6.677
7.713
9.54
6.907
5.482
4.073
1.815
2.944
3.033
5.627
4.532
9.81
10.32
11.01
8.29
10.86
9.6
8.58
11.39
10.61
8.99
10.84
7.937
10.91
5.684
8.84
16.56
11.7
13.04
9.46
13.55
16.92
19.6
23.78
26.25
14.87
17.48
15.85
15.32
22.26
23.76
27.08
17.84
13.08
10.98
9.07
9.94
11.95
11.23
11.3
7.205
6.967
9.62
13.77
8.74
7.803
8.4
10.77
10.41
9.23
10.36
11.63
12.37
7.886
8.75
7.272
6.419
4.935
5.78
15.35
21.31
20.46
20.39
18.11
16.88
8.3
3.45
2.485
3.037
5.04
3.721
4.371
2.736
4.905
6.812
11.28
9.25
9.37
7.632
9.07
7.86
11.87
9.75
10.52
12.34
11.28
6.542
8.14
9.97
6.083
7.007
2.633
2.04
4.429
5.054
5.128
8.19
6.81
6.415
6.879
9.51
10.03
7.479
10.78
10.36
6.354
8.62
6.784
6.628
11.59
11.87
11.22
9.67
10.21
13.76
13.06
11.75
15.01
23.79
24.51
21.7
33.59
32.52
32.41
36.11
35.84
30.48
24.1
21.48
15.06
24.56
20.42
31.63
34.11
43.44
48.82
47.21
43.97
49.46
44.36
53.01
59.57
55.15
47.68
40.01
37.43
40.62
43.92
47.55
46.12
46.53
48.86
52.16
51.27
41.41
33.91
33.47
36.73
33.19
31.69
30.26
29.06
32.19
21.71
15.24
6.066
6.577
8.96
8.97
7.916
9.67
9.14
11.29
10.25
10.56
6.351
8.93
9.76
8.54
6.138
6.848
5.47
7.239
8.2
7.101
3.771
5.858
4.959
5.949
5.711
7.703
5.906
7.41
5.795
9.93
10.91
11.34
11.06
11.39
6.251
7.233
7.758
7.088
7.918
9.36
8.02
9.88
7.514
9.09
4.971
5.316
7.115
7.094
3.905
4.546
2.111
4.834
7.398
4.611
7.42
6.736
7.731
8.22
8.2
5.569
4.893
6.695
5.451
2.833
15.94
22.13
39.87
40.13
38.81
38.74
33.88
35.16
28.71
30.51
30.75
33.72
32.36
29.78
26.44
26.97
27.77
23.43
25.53
27.32
28.4
24.74
23.48
28.44
28.67
34.78
29.58
34.67
34.01
31.43
32.4
33.08
32.68
38.55
37.35
24.95
14.67
18.65
22
21.1
14.43
13.66
11.63
11.21
8.69
15.87
8.45
9.73
11.31
11.37
11.21
16.14
25.89
22.02
27.04
35.37
39.61
45.24
52.36
48.31
37.55
45.72
39.52
38.15
39.71
45.07
45.27
44.92
52.04
56.57
54.26
57.74
56.18
55.91
54.93
53.35
51.7
45.54
40.81
30.28
28.64
27.69
34.08
23.37
19.42
26.99
41.5
37.61
26.2
20.49
13.7
9.8
9.87
7.435
8.03
5.133
7.276
9.34
7.667
8.11
6.044
5.954
8.8
4.56
11.49
13.74
9.72
5.399
15.46
18.8
21.32
20.87
25.65
27.42
24.2
22.58
18.28
14.42
13.51
11.15
8.96
14.62
14.85
13.71
4.8
5.939
4.257
3.486
5.619
5.036
9.02
8.19
14.84
18.66
20.74
16.33
16.88
18.84
28.26
30.04
30.98
24.51
21.36
21.5
20.72
23.9
34.33
41.81
43.83
40.96
44.74
39.88
39.45
34.6
29.78
32.5
34.51
29.77
24.03
12.65
23.93
35.69
34.04
26.47
25.11
24.26
23.29
22.38
14.94
12.35
16.47
16.33
11.18
6.133
7.715
9.06
13.11
7.644
12.32
10.01
8.36
7.628
9.93
11.19
9.92
7.638
8.49
11.51
11.88
8.33
8.02
11.61
9.75
9.09
14.95
21.8
16.11
15.21
22.87
22.01
13.2
7.169
8.98
11.79
11.56
11.99
8.81
12.01
10.05
6.233
6.546
16.38
19.62
18.34
22.1
19.12
19.68
17.5
20.03
25.9
25.45
20.47
25.45
26.49
22.62
29.39
29.79
34.61
35.91
39.72
32.76
33.21
35
32
27.21
21.82
13.22
14.89
12.7
10.67
8.26
15.58
10.55
10.05
7.855
17.16
11.41
12.26
17.59
25.29
22.37
24.08
31.85
32.43
33.28
33.69
31.78
29.67
30.38
18.28
12.85
11.43
11.62
26.94
30.41
28.72
23.97
19.48
14.58
29.27
34.83
44.49
37.73
30.81
34.64
37.2
36.47
35.29
34.89
36.77
35.28
33.15
35.51
27.24
32.14
33.23
26.77
32.11
33.41
23.94
28.6
26.16
17.48
12.51
7.646
7.983
8.08
7.775
8.5
8.54
8.28
9.03
9.38
24.78
34.61
35.62
28.81
34.76
31.61
21.4
23.79
19.76
17.71
19.1
20.7
21.81
32.84
36.63
36
42.16
48.88
53.23
55.94
58.82
62.55
62.69
62.66
59.13
64.82
64.73
62.68
54.33
52.15
53.22
41.45
23.21
15.98
8.43
9.58
13.89
4.607
1.739
0.742
1.703
2.107
2.77
6.422
11.02
10.92
13.23
11.54
10.63
9.23
9.44
4.17
2.165
1.535
5.68
2.743
5.426
4.831
16.32
9.65
6.291
6.373
6.826
5.079
5.819
2.592
6.251
4.634
4.379
5.122
7.204
5.704
5.94
3.17
6.935
3.973
4.756
5.82
6.106
6.759
5.252
6.617
5.592
4.69
6.84
9.18
5.694
6.218
7.175
5.094
7.108
6.781
4.273
2.867
5.883
9.04
11.02
9.25
9.96
8.64
8.69
5.562
8.39
6.941
6.499
9.11
7.437
15.73
21.43
16.4
9.97
17.27
12.76
34.85
41.13
41.14
41.44
39.73
37.16
36.77
26.73
28.86
25.26
23.37
26.2
22.89
27.39
30.42
36.82
35.54
36.36
34.37
32.72
36.73
26.93
16.62
13.34
10.03
11.9
12.37
6.363
13.18
8.89
8.66
9.68
12.39
20.84
13.85
15.86
14.19
9.91
7.4
5.055
1.097
2.658
2.279
1.658
3.93
1.362
3.397
1.879
3.126
4.78
6.769
9.13
9.57
8.88
7.761
6.782
5.772
6.161
5.829
5.755
8.15
7.889
8.93
8.96
5.714
7.657
7.89
5.32
4.127
5.889
6.696
7.383
6.15
10.17
9.87
10.72
14.08
14.72
18.05
9.67
11.7
10.03
9.46
13.98
9.82
15.16
15.29
15.56
10.9
14.09
13.4
17.32
25.8
27.18
27.23
23.49
22.2
18.54
29.73
34.83
38.57
39.53
38.45
31.93
33.22
32.52
34.5
36.02
31.78
29.63
33.71
34.47
30.5
42.52
32.24
35.9
35.94
40.11
40.26
36.69
42.91
46.47
39.41
35.88
35.16
29.07
32.43
37.25
35.13
35.31
33.14
34.74
24.34
26.7
26.32
25.69
19.37
21.1
19.15
20.09
13.1
15.25
9.49
12.35
8.91
8.01
8.25
10.62
8
5.964
8.27
5.963
10.92
10.39
9.33
7.232
8.04
8.25
8.28
6.471
8.36
8.86
7.734
5.763
6.984
6.815
4.666
2.261
3.642
8.77
8.99
6.375
5.669
8.63
9.75
11.22
8.58
6.604
11.91
8.21
6.076
4.252
7.757
7.827
9.89
7.949
4.621
6.435
6.248
7.777
7.904
10.87
9.34
9.01
6.089
8.88
7.053
7.261
7.902
7.816
8.46
6.759
8.97
11.39
10.01
8.98
10.17
11.14
9.83
7.467
7.375
4.795
5.049
9.1
7.291
5.11
8.04
8.28
7.96
11.01
12.2
9.05
10.92
12.18
9
9.58
9.63
7.943
8.45
5.907
8.21
6.888
5.17
4.626
4.233
3.151
3.169
3.759
8.11
8.69
7.82
7.159
7.836
6.922
6.642
1.921
2.051
2.617
1.313
2.419
4.23
4.27
7.9
7.699
6.432
7.32
5.8
4.327
4.164
1.673
0.677
1.536
1.172
1.69
3.142
4.516
2.6
1.784
8.25
10.89
13.73
12.9
11.63
12.94
5.092
5.8
7.107
8.7
8.13
8.15
19.27
16.95
6.824
5.349
6.062
4.745
1.868
1.976
2.423
1.484
4.815
1.29
1.087
0.807
0.996
1.976
1.463
1.173
1.368
2.219
1.651
1.725
1.192
2.223
0.353
3.06
4.113
2.234
0.985
1.626
2.739
3.023
1.974
0.766
1.161
4.904
7.603
8.97
12.47
8.71
7.256
5.08
3.24
8.36
8.39
9.74
6.447
3.595
4.438
7.454
7.946
5.212
2.343
1.999
1.565
3.367
2.938
4.155
2.379
6.834
6.891
1.736
4.877
2.559
3.023
4.374
4.93
4.025
3.052
4.103
6.176
6.979
5.633
5.6
4.963
5.555
6.915
6.898
6.511
5.92
8.91
11.56
9.55
10.26
14.6
10.55
6.156
5.858
14.25
14
22.81
29.52
23.48
21.9
17.04
13.72
12.94
13.56
13.69
23.79
24.99
24.89
18.87
12.44
9.82
11.87
17.29
20.33
24.26
20.52
25.04
40.37
43.23
42.41
47.47
47.76
42.24
51.31
53.33
47.48
50.49
47.73
41.4
32.34
51.22
43.94
51.37
47.22
31.76
22.88
16.65
15.28
19.35
22.43
20.91
22.15
16.64
26.18
15.46
15.5
16.36
15.49
15.76
12.53
18.37
24.54
24.31
26.95
29.1
33.71
41.67
47.86
39.8
43.9
47.13
26.98
28.47
21.3
18.39
27.24
28.64
38.9
41.65
43.48
57.2
57.07
50.41
47.74
45.22
42.33
45.07
32.58
30.96
17.67
25.38
22.77
23.14
23.73
27.71
27.32
30.53
30.54
24.41
23.43
32.59
25.6
32.8
50.97
54.74
55.66
50.91
49.82
48.64
37.27
35.17
27.92
30.39
16.77
16.3
20.6
31.61
29.67
30.22
31.88
47.12
35.02
31.89
40.04
36.85
53.23
60.71
73.86
80.8
74.48
77.95
68.81
62.4
53.56
58.08
57.22
65.55
65.43
63.12
65.56
61.34
54.41
54.15
52.06
44.46
44.48
44.96
47.88
43.58
38.16
38.05
46.24
51.87
41.21
14.83
13.63
20.07
23.57
16.27
23.22
28.82
25.96
19
20.66
18.22
22.47
18.94
17.17
32.37
21.47
24.07
27.6
30.23
33.51
33.52
34.52
45.96
39.25
55.2
46.9
41.39
48.96
53.14
55.8
40.32
28.1
23.37
31.3
27.81
24.88
18.01
22.87
22.55
25.25
32.59
24.02
18.93
19.44
16.35
15.08
17.91
10.28
14.4
14.61
13.57
11.92
11.71
15.49
16.23
18.1
19.08
25.08
29.54
29.16
29.59
28.99
28.85
26.97
24.56
29.03
32.59
25.9
18.57
29.01
19.59
27.15
29.83
30.58
31.18
31.78
32.87
28.31
30.25
26.49
26.2
26.7
17.5
10.63
8.44
5.654
5.649
6.588
4.533
9.29
13.3
12.16
14.04
18.18
15.97
33.15
31.25
29.82
33.22
31.93
32.6
28.35
22.96
15.16
13.29
17.79
22.83
29.66
26.77
27.86
32.38
32.3
27.36
32.02
34.86
32.06
28.32
32.37
34.35
31.76
33.76
35
34.92
32.8
25.03
30.65
37.12
33.69
29.73
27.49
27.56
40.05
27.59
33.95
27.32
42.05
40.54
34.13
24.54
22.24
25.46
29.91
30.29
31.43
31.86
30.71
22.4
23.1
14.66
13.15
17.1
14.02
15.94
17.86
19.74
19.49
21.83
18.59
17.14
14.98
13.68
17.76
15.13
23.3
24.5
19.3
21.35
12.75
9.33
5.922
12.03
7.488
11.77
7.847
7.419
6.171
6.785
9.2
8.43
11.16
11.07
8.66
8.95
11.4
8.34
9.57
12.59
8.82
9.83
12.78
11.18
19.82
22.36
18.96
12.69
18.71
14.11
9.76
7.175
26.39
35.72
30.88
25.33
19.57
16.37
21.56
31.38
22.68
21.05
12.08
29.4
37.45
32.59
34.2
31.47
19.56
26.93
33.95
37.44
37.07
26.7
27.06
25.98
19.86
26.14
36.01
34.65
23.74
27.15
31.86
31.65
26.01
29.37
31.05
28.45
27.64
24.14
18.37
17.5
16.96
20.88
10.73
6.718
22.45
22.47
18.04
18.31
15.97
15.32
10.87
17.21
16.23
9.62
17.69
34.96
37.57
37.03
34.32
29.98
19.71
14.78
33.77
34.04
27.63
27.14
27.97
31.46
30.24
27.11
28.59
28.52
25.66
23.6
28.82
24.07
17.61
12.92
15.5
17.47
18.62
14.78
18.05
19.77
17.1
18.69
15.68
10.3
13.69
16.48
15.81
11.03
7.043
10.41
7.547
7.19
14.49
12.01
8.26
4.822
5.726
5.078
4.277
5.349
3.7
6.296
9.85
8.41
6.752
9.92
7.901
9.82
7.051
6.923
7.094
7.291
5.322
7.05
5.818
4.692
7.179
15.69
21.17
24.88
32.56
31.84
33.63
26.47
26.91
24.01
25.21
16.15
11.51
13.18
12.62
10.75
9.46
14.19
15.44
14.96
17.58
19.16
22.03
20.88
19.71
19.26
18.97
17.3
8.51
10.72
6.781
9.19
5.694
7.6
8.8
8.36
6.664
9.2
11.23
9.81
8.82
8.92
9.43
6.144
8.43
4.572
8.06
6.698
9.63
10.21
9.05
7.992
11.08
8.7
8.22
8.27
9.29
9.14
14.99
12.5
9.67
7.65
5.721
9.11
16.31
11.58
12.52
5.078
6.026
5.039
10.73
10.97
7.65
15.91
12.91
9.48
12.31
5.518
5.897
6.661
5.529
9.75
9.27
10.71
10.83
11.56
9.31
10.04
9.58
9.19
7.414
13.51
16.63
12.48
13.88
23.25
23.72
23.45
26.5
27.52
28.95
25.87
24.16
24.54
24.7
17.27
23.6
22.24
14.35
18.54
10.24
17.4
16.21
7.328
13.2
9.83
10.9
20.93
23.15
23.46
22.65
21.23
11.76
7.706
11.29
7.678
8.19
10.98
16.06
17.04
16.74
18.34
22.33
28.55
27.95
30.66
30.61
32.04
31.46
33.34
34.72
29.15
24.86
22.11
22.98
19.95
11.47
26.59
28.95
19.05
21.3
14.61
14.28
9.22
13.96
12.86
11.17
8.32
13.39
10.29
8.34
6.4
17.25
19.95
18.53
23.58
17.07
15.35
16.02
16.84
7.739
13.36
11.53
8.49
8.23
8.47
9.69
18
21.58
23.13
20.96
23.27
21.05
22.89
20.85
19.45
24.94
25.75
28.18
20.28
21.37
22.23
12.98
11.85
12.67
8.85
17.1
13.53
17.38
17.01
3.781
12.83
14.07
12.18
9.28
16.06
17.22
12.96
14.15
9.79
13.92
11.73
14.5
17.02
15.28
13.2
6.525
8.92
9.98
8.71
7.855
12.49
11.72
14.58
17.5
11.77
16.91
12.69
21.04
19.24
17.33
14.08
19.98
26.11
23.39
25.42
23.63
25.25
25.81
23.07
20.99
23.5
34.84
35.41
33.67
31.68
25.33
16.21
20.44
17.32
14.52
11.38
5.874
12.46
10.63
11.24
14.39
17.62
13.69
13.31
17.65
18.04
15.02
7.797
5.616
13.01
18.98
17.82
13.41
9.16
10.27
16.7
14.68
10.64
9.64
19.76
10.2
11.18
11.21
14.2
12.32
8.85
18.57
19.33
18.97
23
27.02
26.14
25.02
19.32
22.8
23.91
30.1
25.38
10.39
14.83
15.95
11.95
15.62
16.11
17.53
16.45
15.75
15.47
13.39
19.83
19.43
15.07
9.68
9.45
8.71
9.03
4.878
12.54
10.87
8.92
7.241
7.843
10.92
5.921
19.6
20.13
8.77
5.685
8.42
10.06
11.25
16.36
14.64
12.99
14.06
19.52
5.951
6.864
15.09
22.47
24.97
10.75
14.84
16.6
11.24
13.12
10.13
18.3
6.713
9.47
12.25
14.82
6.442
9.18
11.24
7.866
6.934
11.07
13.53
23.44
21.86
8.98
13.58
18.4
19.57
18.37
14.95
15.51
7.819
8.82
6.405
11.41
8.58
7.935
5.484
4.989
5.574
5.611
6.577
9.06
7.423
8.41
6.749
10.19
7.632
7.535
9.54
9.24
10.32
11.57
20.57
15.97
19.74
23.38
26.04
29.83
28.35
30.96
18.71
13.88
10.86
9.26
8.82
5.533
19.48
16.91
9.22
11
15.19
20.55
12.18
11.49
17.4
15
15.92
19.44
23.17
22.22
20.01
24.52
25.68
28.25
27.11
20.19
15.14
20.17
32.96
32.82
30.5
37.38
45.66
42.06
40.66
50.03
38.46
42.42
47.67
47.12
45.5
42.78
28.55
30.94
31.86
31.75
30.95
27.03
25.43
25.54
26.28
28.47
30.57
31.7
28.77
30.69
33.76
30.02
26.19
21.35
24.79
28.4
31.21
37.49
36.21
32.07
29.56
26.8
30.61
28.44
26.45
31.9
29.46
22.18
25.98
32.97
32.9
34.97
33.86
30.03
36.06
36.01
35.99
34.43
29.96
25.9
22.9
32.46
32.97
27.6
21.42
29.12
28.11
24.63
23.41
19.87
29.35
21.85
25.27
24.55
21.23
20.25
17.91
17.57
17.31
20.48
23.89
24.96
25.24
22.02
22.59
31.92
31.85
32.5
28.57
24.29
26.34
23.24
20.36
22.03
25.8
20.98
21.74
22.54
23.92
18.37
27.31
27.31
33.04
28.64
26.17
28.07
24.43
21.96
21
20.04
20.45
20.04
21.98
24.01
22.78
21
18.52
15.84
18.36
13.29
18.89
24.01
18.65
11.15
10.34
9.49
9.99
7.112
11.58
13.75
12.43
14.97
10.1
10.11
13.9
16.56
12.83
17.46
7.755
11.08
10.14
7.905
6.807
14.29
4.618
2.655
2.254
2.804
7.026
10.14
8.21
17.99
20.3
13.61
10.67
8.48
8.84
3.356
5.115
9.14
3.812
6.636
8.08
7.62
7.152
8.85
14.09
15.34
14.39
4.998
7.172
16.14
15.92
17.49
15.84
15.17
15.2
11.37
8
9.83
7.125
6.278
2.732
3.66
4.564
6.497
10.08
10.39
19.67
19.46
20.64
16.56
13.41
9.44
6.029
7.691
6.535
6.334
10.29
12.52
13.65
11.02
9.82
9.51
11.21
13.26
5.177
8.92
13.81
17.97
18.05
24.09
19.64
21.76
18.66
15.27
14.94
15.72
11.27
6.891
7.268
3.487
4.309
6.691
2.818
4.633
3.365
7.078
13.73
11.73
8.5
8.05
8.3
8.39
8.98
6.996
8.27
2.403
5.264
2.726
6.987
2.75
9.17
2.428
2.766
2.982
9.61
18.93
19.67
19.67
18.79
22.2
24.15
16.34
18.31
19.66
13.78
5.244
4.352
6.306
6.684
5.502
16.74
23.45
19.99
27.33
19.18
17.99
20.1
25.47
17.14
14.76
12.71
9.81
10.39
5.922
7.387
11.29
16.66
23.05
23.96
21.11
18.19
25.6
25.4
19.35
22.93
17.84
21.64
25.34
20.08
21.49
29.62
26.07
19.8
12.01
9.35
11.59
13.79
14.05
13.45
11.47
13.05
16.01
8.93
10.92
10.72
14.19
18.49
19.55
20.78
20.43
16.4
14.7
14.19
17.06
17.84
16.46
15.2
17.81
18.65
19.2
15.86
13.3
7.229
8.07
15.97
10.62
7.949
13.47
15.52
14.18
21.65
19.27
13.2
11.16
15.02
17.41
16.62
18.85
15.93
17.13
23.26
12.2
14.07
13.5
12.02
8.06
7.685
9.38
13.18
13.46
9.49
11.47
13.73
11.07
7.761
8.08
14.25
17.84
16.86
9.87
8.05
14.64
17.59
17.63
9.69
7.973
11.35
6.201
8.92
7.755
13.83
9.28
14.15
10.41
9.22
5.048
11.56
9.41
7.49
11.47
10.29
11.45
18.56
25.89
27.5
21.48
25.05
14.37
17.39
15.72
23.68
20.92
27.85
28.21
22.71
24.94
28.66
28.21
29.24
24.67
22.34
22.2
10.69
14.24
13.61
14.66
14.8
12.91
17.2
21.78
19.46
13.66
16.32
7.53
12.67
10.25
10.58
14.1
13.64
14.46
11.07
8.5
14.17
8.12
11.46
6.213
9.54
12.03
18.27
19.54
18.69
21.77
18.04
22.19
35.41
37.78
37.18
35.34
34.04
34.71
40.26
35.98
42.94
41.53
44.17
42.46
29.89
33.53
33.78
31.16
32.42
30.51
27.85
27.68
27.97
27.89
24.54
15.49
17.73
20.86
20.09
15.86
16.36
16.71
15.02
14.05
14.37
16.13
13.29
6.493
4.647
10
10.93
7.051
10.58
5.649
6.189
5.947
4.933
7.596
7.861
9.05
7.012
7.702
5.795
4.855
4.356
5.149
2.828
3.482
3.994
6.835
10.2
14.05
13.69
12.79
12.39
11.47
11.43
11.29
11.12
11.21
13.07
11.82
9.24
9.79
10.03
10.27
9.81
8.26
8.11
9.2
7.074
7.002
5.809
4.328
3.245
16.9
17.4
16.34
12.62
11.51
8.76
6.4
3.734