7.564
7.309
6.648
9.15
9.74
8.27
11.05
22.19
20.87
13.72
10.72
7.92
8.48
11.41
8.66
10.58
10.11
14.92
14.64
12.13
9.71
15
15.71
24.07
21.78
17.42
15.5
11.35
11.04
12.83
9.05
7.93
5.673
13.47
5.763
3.908
5.142
4.717
11.78
29.07
31.88
34.83
30.59
35.65
40.89
37.12
37.62
33.78
29.49
23.48
17.65
26.96
24.3
33.8
34.67
32.83
25.53
27.15
23.13
19.12
20.25
20.85
19.59
20.51
14.53
20.24
22.73
17.51
18.38
15.76
13.69
15.75
17.48
15.32
19.12
19.11
16.68
14.47
14.4
18.6
11.15
17.71
20.1
21.78
22.01
24.21
26.4
29.5
28.86
28.4
30.94
31.99
38.3
40.46
33.59
33.48
27
27.9
28.68
25.07
26.73
27.51
26.87
26.16
28.96
35.12
35.1
28.88
34.23
35.51
26.27
10.76
35.92
37.71
27.41
26.9
26.85
20.94
17.27
20.88
20.83
15.69
16.41
16.12
5.715
9.38
10.82
11.59
14.47
9.2
13.07
23.4
27.69
33.94
34.32
36.21
35.27
34.63
35.86
32.15
25.89
16.62
8.44
3.395
0.927
4.107
4.322
5.613
4.914
12.07
17.87
18.96
14.9
25.12
23.97
28.45
25.98
22.56
24.04
38.72
39.77
41.12
44.51
47.9
48.6
49.29
48.37
47.92
46.48
46.51
45.69
46.47
45.73
42.16
44.21
46.45
48.68
49.92
50.42
50.23
47.26
52.35
56.73
58.91
56.38
50.48
46.09
49.61
48.93
49.98
41.63
43.72
42.05
30.7
30.89
25.46
13.41
11.97
10.27
11.73
5.974
6.492
23.55
41.53
45.3
48.91
43.52
42.51
40.84
39.5
38.22
31.34
35.05
42.24
34.17
25.86
14.74
14.87
15.79
14.5
24.49
22.28
24.92
28.21
26.85
15.65
12.24
8.49
5.932
11.87
15.35
11.49
9.63
16.25
9.13
3.659
3.422
4.188
4.958
4.084
3.512
4.696
5.213
6.049
6.099
2.94
3.292
4.872
6.438
4.837
6.606
6.736
6.531
6.942
7.122
11.31
6.529
8.59
3.351
7.495
4.812
2.904
9.24
6.092
5.703
6.615
9.12
11.12
7.554
6.157
4.933
5.035
12.65
12.96
8.11
6.431
3.075
1.137
0.256
1.405
0.598
3.017
2.041
5.622
4.343
2.554
0.956
2.687
2.289
0.629
1.589
1.989
2.03
2.803
2.804
1.651
4.202
2.285
2.768
1.469
1.163
2.341
3.08
2.051
2.13
2.213
1.606
1.193
4.423
9.61
15.36
14.18
11.61
7.092
7.136
9.7
8.44
8.54
8.98
8.3
7.416
6.955
6.022
7.347
5.552
8.86
6.121
4.897
4.536
5.618
8.56
14.11
9.17
10.86
16.86
14.9
18.06
20.05
25.58
31.74
36.9
34.28
28.28
32.87
27.45
20.53
21.62
18.55
25.94
30.51
22.37
39.63
41.58
33.98
28.6
23.75
24.64
22.88
13.64
11.42
18.68
21.69
19.95
12.24
11.19
11.43
9.23
9.21
5.932
11.7
9.28
7.434
12.49
19.11
13.44
15.81
14.03
10.84
11.21
6.396
17.51
19.47
27.61
37.35
42.98
40.02
29.15
34.53
35.81
32.5
30.5
29.21
32.34
40.51
42.39
24.87
15.52
31.87
43.74
49.48
51.17
45.66
36.96
28.76
30.92
23.53
22.99
15.88
12.96
12.35
11.34
16.5
14.73
14.87
17.48
11.51
12.54
13.05
11.62
7.6
5.562
5.559
10.3
12.2
17.11
20.82
16.53
9.67
5.151
4.989
6.914
14.95
18.01
16.71
17.79
15.07
15.86
18.03
32.01
44.34
45.43
52.34
52.4
54.14
56.94
53.33
53
48.58
47.62
44.14
43.33
38.66
34.38
32.44
35.12
33.83
33.04
36.47
40.46
42.6
36.87
35.52
37.57
37.59
25.94
23.07
16.25
17.97
24.71
22.81
27.98
29.09
28.77
33.34
33.69
34.71
34.24
28.05
30.43
26.98
22.7
27.8
17.67
19.91
11.93
6.391
7.87
6.901
6.609
12.76
5.625
9.17
14.01
9.5
14.05
14
9.74
8.73
8.69
9.75
6.015
9.89
9.37
7.409
7.729
10.08
10.57
13.63
15.38
12.32
21.72
22.69
32.28
34.29
34.98
30.93
22.94
18.2
11.28
12.47
12.41
6.112
7.678
8.21
8.43
13.09
6.851
6.095
7.232
7.604
8.8
9.87
9.91
6.172
11.39
10.54
9.28
7.44
9
10.22
9
7.784
2.335
6.684
5.479
6.65
6.033
7.892
12.45
13.11
11.41
15.29
12.59
12.19
11.83
15.38
9.9
17.85
13.87
23.06
22.32
19.39
19.97
21.45
13.08
15.19
8.43
8.2
17.47
11.39
8.08
6.791
5.74
7.447
9.7
7.776
6.245
6.539
10.38
7.233
8.35
8.96
7.792
8.65
10.58
10.11
7.937
7.723
5.082
4.971
7.746
9.02
7.818
6.928
5.952
6.402
7.605
8.87
10.47
11.2
9.24
8.94
8.1
6.454
7.718
10.13
8.51
9.01
8.03
10.05
10.04
8.97
10.16
8.94
9.98
5.039
8.14
8.12
16.24
17.13
21.77
9.44
8.07
9.13
8.1
5.476
8.49
6.364
8.93
8.07
4.691
13.45
21.79
17.37
16.53
19.99
28.69
35.11
30.61
30.69
14.77
7.186
18.43
16.45
33.52
43.58
46.87
49.93
54.26
49.15
30.67
21.95
8.15
12.16
16.51
9.37
8.52
7.216
6.062
7.598
6.953
8.82
7.17
10.26
6.492
5.157
9.07
8.79
8.28
10.94
18.7
6.679
8.46
9.69
4.759
9.55
17.37
12.1
22.78
25.53
14.91
14.02
6.432
19.02
15.94
12.19
10.89
10.19
8.08
10.72
12.03
6.024
9.07
8.35
9.62
5.554
5.472
4.455
5.702
8.28
5.501
3.254
2.005
3.041
4.471
5.102
4.98
3.626
2.15
6.629
5.258
5.223
1.937
2.513
1.745
2.956
3.847
0.849
2.099
1.328
2.009
2.413
4.155
4.071
8.32
3.632
1.703
4.433
4.403
3.572
2.73
3.107
2.923
5.19
12.37
16.24
12.24
10.45
17.83
12.76
25.11
35.1
43.17
37.2
29.91
29.42
18.26
26.5
27.48
29.52
24.73
25.82
32.88
37.9
32.23
33.4
39.41
40.91
38.8
39.4
35.78
32.39
34.3
32.93
40.24
40.69
44.24
43.95
42.5
42.07
42.38
43
43.67
40.2
37.78
39.8
41.13
42.49
40.64
37.27
36.35
33.92
33.82
35.41
33.39
34.61
30.68
24.94
21.62
21.35
26.74
21.84
20.46
26.25
28.5
25.76
23.83
26.6
26.68
27.41
29.94
25.19
26.83
20.38
9.98
8.33
11.84
27.43
14.94
8.88
12.15
7.37
5.939
6.925
7.626
6.779
6.884
5.054
6.794
7.978
5.109
4.968
11.24
10.64
11.52
15.14
11.65
8.2
27.99
19.96
19.48
22.76
19.83
16.21
10.49
8.99
10.61
9.08
10.45
8.56
5.783
3.779
9.58
7.925
9.28
6.718
9.11
13.1
7.75
10.31
9.78
13.52
8.57
10.23
7.966
6.017
8.24
19.47
42.94
44.64
44.24
36.35
30.34
41.06
33.55
42.81
33.2
35.39
34.3
32.46
39.65
43.85
42.8
41.66
42.53
45.25
44.45
50
49.32
48.72
50.31
45.79
42.13
44.77
46.96
47.63
43.49
46.98
51.05
65.71
61.57
55.01
52.85
56.39
62.1
65.39
59.58
55.01
50.48
53.07
48.04
52.22
52.69
43.49
41.97
39.16
47.18
42.62
44.88
41.52
59.31
62.13
62.24
59.17
64.19
63.98
64.47
62.5
58.68
52.99
53.56
59.97
61.02
60.47
70.13
54.99
43.32
39.67
38.51
38.43
48.42
44.24
35.08
29.97
47.13
39.25
35.74
34.39
31.67
30.69
27.72
30.76
28.36
32.08
30.98
30.57
40.02
38.43
38.2
40.2
42.43
40.55
42.13
40.8
44.48
44.88
50.06
54.45
50.75
41.15
41.87
42.92
39.43
39.21
41.95
35.88
32.14
43.03
36.86
42.5
40.63
33.03
31.7
42.2
35.25
38.65
35.87
39.24
40.25
36.23
34.81
35.28
34.39
39.99
41.92
40.96
41.32
39.05
42.12
38.6
37.74
38.26
29.93
41.14
41.58
37.42
40.41
41.62
39.62
31.09
24.52
20.03
12.49
16.44
22.73
11.58
16.95
10.21
4.482
6.967
6.302
3.451
5.627
5.936
4.401
6.482
7.967
6.344
5.373
5.757
5.227
4.245
5.363
5.81
4.494
3.594
4.831
3.068
2.001
2.369
1.474
0.517
0.211
0.616
1.046
1.331
1.586
1.948
5.221
17.61
9.76
8.38
3.15
3.57
4.883
4.252
3.052
1.147
2.193
0.345
0.154
0.171
0
0.284
0.945
2.367
1.579
2.248
0.848
1.174
4.313
6.56
5.996
3.283
5.01
5.065
4.638
7.888
3.209
6.579
5.182
6.236
4.705
3.724
5.453
8.11
4.266
3.92
2.346
2.984
1.955
2.7
4.079
2.269
3.179
4.227
2.657
6.428
5.733
4.426
8.6
4.296
8.86
5.337
5.571
6.002
8.55
6.846
8.22
7.904
8.33
5.302
2.648
2.75
1.463
3.626
4.901
3.748
4.595
3.17
1.252
2.493
2.625
7.224
2.345
4.448
2.631
6.807
9.29
4.82
3.083
4.696
4.908
6.011
5.915
4.065
5.838
7.181
5.373
8.49
6.731
8.56
8.91
8.11
5.073
8.21
7.141
6.207
3.922
4.38
8.02
9.6
8.53
10.14
10.72
10.42
10.22
12.23
9.31
9.8
8.34
6.159
3.106
8.44
7.961
10.31
15.29
10.75
14.73
14.58
9.93
14.85
13.8
10.49
19.43
18.92
32.76
35.61
35.06
28.31
26.23
31.89
26.3
15.15
16.89
13.72
15.38
13.95
13.27
11.47
9.68
7.326
9.26
7.94
9.15
7.531
7.061
4.95
9.28
6.59
10.59
6.563
11.03
6.694
8.72
7.919
9.45
7.196
10.9
8.87
9.31
10.02
7.902
8.38
10.47
9.45
8.27
8.62
8.26
10.83
8.36
10.6
10.93
8.13
10.8
11.47
9.89
10.76
7.9
8.47
7.664
8.25
13.72
17.23
28.34
27.47
20.87
27.4
23.7
21.1
17.63
12.14
6.434
5.716
4.522
7.692
5.32
10.11
7.193
7.335
15.03
8.49
10.58
11.08
6.439
7.817
7.714
5.144
4.834
5.544
3.95
4.546
8.28
7.971
5.098
8.07
11.78
9.15
9.88
7.251
7.059
14.37
8.85
11.6
10.18
6.668
8.6
5.318
7.518
12.1
9.49
5.639
11.28
8.63
6.251
8.21
6.268
8.64
7.804
6.581
6.363
7.557
6.248
5.298
6.601
6.931
6.814
6.716
10.36
7.697
9.09
8.43
7.44
6.842
8.53
9.03
6.009
7.551
7.033
6.808
6.213
5.429
5.102
6.298
7.801
5.9
7.54
7.843
6.417
6.664
9.02
8.89
7.649
5.713
6.855
4.916
5.319
2.364
3.846
6.968
4.053
1.441
1.622
4.66
3.391
4.672
6.823
7.634
7.923
3.397
7.146
4.363
6.981
4.202
3.973
6.289
4.497
6.819
4.487
3.806
2.876
6.365
2.595
3.474
4.074
3.689
5.131
3.217
3.006
3.536
5.692
6.73
5.054
6.228
4.839
6.092
5.346
5.572
6.503
6.562
5.322
3.034
3.05
4.886
7.365
5.004
4.404
5.236
3.106
4.949
2.7
5.218
2.386
5.241
3.69
6.212
5.836
6.99
7.807
6.016
7.514
4.091
6.214
6.176
8.98
7.209
5.699
6.764
4.966
8.09
6.584
7.326
7.697
7.014
7.066
9.79
10.86
8.23
9.39
7.772
7.244
7.35
8.24
8.83
6.467
7.72
9.16
7.137
8.97
9.55
5.125
4.57
8.41
8.77
7.885
5.853
9.24
8.61
7.726
9.74
8.97
5.72
9.45
9.62
10.73
7.883
8.63
8.98
8.76
6.697
9.45
7.224
8.46
7.369
7.04
9.84
8.79
8.73
7.712
9.07
7.368
13.29
9.05
9.04
12.85
10.83
17.68
22.42
28.14
27.19
22.69
27.32
24.31
24.88
29.36
36.29
37.86
28.98
23.25
19.89
25.13
19.52
29.66
34.4
30.15
36.66
33.08
30.43
39.08
43.33
43
43.03
45.78
21.85
34.71
24.85
24.37
8.3
16.43
23.14
22.07
21.92
12.88
12
6.95
16.67
10.56
11.93
18.91
18.94
20.18
16.27
7.489
6.151
5.89
7.031
5.171
7.002
6.17
6.102
6.461
6.622
4.699
6.555
6.544
5.65
6.553
9.06
7.601
5.102
8.82
6.346
6.987
6.56
6.214
5.522
6.497
5.471
6.925
6.352
6.786
7.105
5.603
5.64
6.15
6.074
6.652
5.522
7.044
6.783
5.562
8.46
8.96
9.94
9.62
6.836
6.415
10.43
8.33
8.29
5.9
7.225
5.786
6.663
6.751
7.864
4.463
7.54
7.97
7.602
6.68
6.159
6.434
5.633
8.81
8.24
9.26
7.266
8.83
5.906
8.78
8.22
7.47
7.971
7.791
7.313
4.979
6.08
8.4
3.146
7.21
4.112
4.332
6.776
7.939
8.55
8.89
4.367
4.651
5.779
4.889
10.27
7.683
8.54
13.74
14.99
15.55
12.38
18.41
14.21
18.36
14.2
24.64
25.16
18.11
13.88
19.64
21.03
16.86
18.61
13
12.24
17.38
11.14
10.98
14.32
17.88
15.21
12.74
7.639
11.14
14.36
19.14
14.15
9.81
9.18
20.67
16.72
10.87
6.777
13.03
20.62
19.36
5.599
12.31
19.1
27.74
25.07
39.13
38.86
37.83
33.87
33.52
34.9
39.32
40.63
41
37.93
39.45
40.6
28.69
21.7
23.92
32.9
23.28
31.17
37.61
39.25
45.04
41.03
40.37
42.56
41.78
50.19
50.15
51.55
51.34
44.21
44.64
41.55
37.44
36.89
40.35
27.66
18.48
16.7
28.06
22.24
22.83
17.32
19.84
17.27
14.83
18.65
18.21
20.13
21.42
23.52
25.62
20.07
18.14
15.42
20.45
17.88
21.65
24.82
18.22
23.12
23.25
22.06
27.58
29.93
28.06
33
38.89
36.77
37.74
34.65
28.25
18
13.95
27.9
38.92
32.47
16.36
9.45
10.03
9.94
3.47
5.843
12.02
9.98
6.45
5.058
2.505
3.488
2.818
4.704
6.884
6.4
6.82
4.877
5.897
9.06
5.1
7.599
7.837
6.561
6.671
3.519
4.101
3.689
3.451
2.861
4.586
6.36
5.09
8.52
7.095
6.639
6.343
3.949
5.509
2.872
3.21
3.264
7.898
8.64
8.04
6.215
5.126
7.007
7.969
7.162
5.73
8.14
8.56
8.3
8.45
7.54
7.352
9.3
8.35
6.177
9.9
8.61
8.82
8.23
7.183
6.941
6.795
6.586
7.391
7.654
7.206
6.522
6.518
6.745
6.161
6.246
6.265
6.263
5.788
3.281
6.519
6.39
8.11
5.207
5.18
6.731
7.893
6.509
4.64
4.606
0.884
0.68
2.305
2.116
1.618
2.946
0.678
3.822
2.705
5.348
0.521
2.512
1.408
1.981
3.359
2.256
2.295
2.614
1.622
1.569
1.641
3.558
3.414
1.284
2.577
1.242
4.302
4.532
5.411
2.426
2.029
4.922
2.389
2.431
2.946
2.336
4.453
2.737
3.609
3.891
5.663
8.54
12.44
10.67
4.771
4.363
11.48
4.651
5.64
7.474
9.35
7.369
5.431
10.76
15.68
27.84
23.61
27.65
32.53
27.03
23.56
29.73
28.33
24.56
21.16
18.47
15.39
17.58
22.18
11.85
13.51
6.039
8.36
6.703
9.29
10.99
11.21
8.85
11.27
11.23
11.16
11.5
11.65
8.83
8.79
8.04
9.92
10.17
5.585
9.32
8.18
6.879
8.49
8.52
11.27
8.52
10.05
8.2
10.82
10.12
8.09
21.26
16.81
26.75
20.16
13.18
13.01
11.18
9.15
11.05
12.46
9.91
9
13.86
22.44
24.03
31.34
14.26
13.73
18.08
21.54
15.21
21.56
28.14
28.4
23.1
16.2
11.39
15.23
10.16
15.65
23.39
15.08
20.45
21.57
19.27
23.65
22.35
11.42
21.47
16
18.19
13.82
12.33
16.24
17.91
10.26
15.01
13.3
16.1
13.18
8.91
9.55
6.352
7.095
11.02
11.08
12.32
6.202
7.949
8.1
7.924
7.857
7.822
8.61
8.92
9.3
8.02
7.812
7.365
6.489
8.6
15.2
18.43
25.26
28.87
34.8
37.03
31.93
37.36
37.22
37.69
43.56
49.62
51.26
42.69
39.76
34.19
30.56
28.13
26.79
42.2
40.28
42.57
35.21
21.36
33.28
54.37
54.31
51.52
43.52
41.03
44.07
34.39
37.74
31.11
28.32
33.08
27.19
33.1
28.07
28.07
21.86
21.79
28.73
35.52
28.32
31.99
32.06
30.11
26.85
23.36
25.98
21.03
17.21
15.32
6.802
6.021
21.38
35.7
31.79
38.08
36.33
37.74
38.05
31.61
27.01
24.4
34.86
39.21
38.14
37.2
29.73
26.99
28.94
28.46
17.52
25.96
23.52
19.07
12.56
12.67
19.83
12.42
29.07
18.77
8.64
13.65
18.15
36.35
43.59
43.76
41.7
40.7
45.31
43.17
41.72
41.8
37.87
44.23
46.35
46.61
47.7
46.38
40.46
39.67
37.97
31.82
21.02
26.9
24.85
29.8
27.32
30.88
23.27
25.94
24.51
24.92
25.88
30.16
30.64
26.68
31.13
29.98
29.05
27.3
32.08
36.97
36.45
32.81
30.52
24.43
26.82
29.77
39.17
31.86
51.74
39.1
28.11
29.6
24.45
17.27
19.64
30.72
33.56
32.42
34.28
23.9
18
15.94
11.12
9.99
7.98
16.99
16.24
23.42
23.88
17.76
20.56
25.69
16.78
23.54
14.9
18.77
17.52
15.49
16.11
16.06
13.58
14.82
18.72
18.98
23.75
25.91
22.96
18.93
23.22
19.2
19.85
16.77
17.86
22.79
21.33
13.79
16.17
12.55
16.66
13.84
19.89
23.39
24.04
21.64
25.08
32.08
30.3
25.13
28.85
30.68
28.22
26.59
24.98
23.66
24.76
25.34
24.98
29.45
28.93
28.77
27.71
16.91
12.92
13.08
10.36
7.324
15.63
11.1
8.16
13.9
7.322
8.63
12.97
17.06
28.62
27.13
20.47
25.57
28.41
27.17
24.24
21.32
15.54
11.89
5.676
6.945
7.236
6.246
9.56
8.96
8.48
5.151
9.22
10.65
9.27
9.23
10.9
9.02
4.949
4.991
7.318
4.746
3.389
1.9
2.798
3.467
1.313
3.082
5.986
4.704
8.69
11.89
12.75
10.15
8.65
7.191
6.956
8.97
7.961
7.77
6.659
10.46
6.369
8.13
5.54
3.621
5.754
6.29
5.37
6.367
8.24
1.36
3.504
2.668
2.007
2.305
2.113
6.264
8.72
8.29
6.761
8.9
8.26
8.04
8.1
6.159
3.823
4.405
7.727
8.2
8.08
10.89
5.494
6.538
7.411
8.27
8.35
7.309
9.41
7.472
10.97
9.63
6.959
5.696
8.54
6.876
6.605
6.563
6.403
4.661
7.158
5.826
5.374
3.9
12.76
8.47
12.15
7.129
6.506
5.31
4.935
8.25
8.28
24.6
23.8
18.45
22.52
25.53
30.4
33.15
31.6
31.78
29.59
24.47
24.96
22.42
19.73
18.69
12.93
16.44
19.33
27.22
23.61
13.82
13.79
11.56
11.28
8.3
6.895
7.153
5.356
5.844
7.809
8.47
12.68
9.25
10.23
8.81
10.56
14.58
12.53
11.37
10.5
11.16
11.75
7.843
7.933
8.81
8.85
9.38
10.04
9.77
10.89
10.35
9.39
6.761
7.236
11.43
8.3
5.811
6.079
5.958
4.83
8.25
7.022
6.558
9.95
9.52
9.08
8.48
12.17
10.16
10.32
12.2
7.263
10.96
10.27
15.9
6.121
17.44
35.47
34.14
33.16
28.06
30.72
42.99
42.58
41.29
37.72
20.31
30.25
38.09
28.77
18.04
19.55
11.21
14.47
20.92
21.48
17.04
19.65
27.89
19.03
16.72
26.57
16.25
27.85
17.07
30.65
39.53
36.52
41.92
46.54
39.55
42.77
51.13
49.62
36.1
33.66
42.99
45.85
48.5
44.5
40.68
42.15
39.81
51.46
42.25
43.75
51.3
45.11
41.26
51.88
65.21
62.39
63.98
58.33
67.08
57.76
61.19
57.54
55.21
51.41
46.01
40.65
37.77
30.28
29.37
25.1
22.2
18.12
23.89
22.39
28.58
31.09
29.13
25.13
20.02
19.98
18.75
22.46
19.95
24
24.27
28.14
29.28
30.44
23.29
22.17
26.56
27.75
28.84
28.79
34.32
24.01
29.03
25.8
24.76
23.66
30.17
23.65
26.54
40.79
34.14
29.39
46.1
58.84
56.08
56.16
54.19
51.9
54.36
52.39
49.78
48.88
49.29
52
50.05
50.88
53.14
50.77
49.72
45.51
44.42
37.71
39.6
48.01
54.55
50.52
51.62
47.52
41.41
39.64
44.65
51.32
40.9
36.13
44.09
35.93
42.23
43.08
42.48
43.57
41.83
45.04
36.15
26.26
22.16
24.95
26.6
21.67
25.87
13.63
8.5
10.09
7.664
9.96
8.63
9.59
9.98
9.15
6.037
4.233
7.365
7.358
6.543
6.309
9.84
9.43
11.36
2.826
1.873
2.691
1.812
0.65
1.794
0.768
1.062
1.404
2.469
1.723
2.273
3.328
2.195
1.655
2.434
3.022
3.903
0.953
0.346
2.432
1.711
1.692
1.505
2.073
1.246
1.409
3.061
2.271
2.04
1.832
2.02
1.065
0.844
3.14
1.667
3.169
2.889
2.182
2.468
1.956
1.012
3.229
1.941
2.714
2.637
4.065
4.572
4.92
6.756
8.59
13.29
15.91
19.53
21.17
17.32
17.5
16.13
25.97
31.43
42.11
42.75
39.86
43.41
54.89
54.22
53.88
55.1
56.27
59.72
52.1
45.77
42.38
53.58
50.99
50.03
50.14
45.76
45.83
44.55
49.81
47.31
49.75
51.86
48.64
45.59
46.74
43.95
45
46.85
46.14
44.46
40.49
45.49
48.05
45.38
43.27
41.6
40.1
36.71
40.55
42.85
45.24
51.18
58.68
47.73
48.78
44.02
44.44
41.42
44.01
49.51
47.06
50.86
52.89
48.97
50.69
41.75
46.34
42.31
46.67
50.99
58.02
49.67
52.52
49.42
50.03
52.2
52.82
53.33
49.53
49.97
47.64
48.3
48.66
51.18
50.17
51.91
54.4
48.02
50.66
56.3
51.59
45.13
33.99
27.26
24.71
43.29
39.95
35.41
49.64
48.82
43.14
46.43
48.93
49.3
51.25
48.66
51.73
40.76
44.82
47.08
42.93
46.7
46.3
48.15
47.83
42.3
36.38
38.01
38.78
46.99
48.3
56.31
55.65
49.96
48.65
44.2
48
47.9
53.86
50.27
48.07
39.06
29.27
22.32
24.58
32.57
28.25
35.97
43.3
46.35
50.31
51.02
47.35
53.93
60.5
53.34
46.56
51.35
62.23
73.11
75.66
65.47
49.31
58.63
63.41
65.61
70.42
66
70.9
75.17
69.35
67.65
65.72
64.73
53.9
31.17
17.27
11.73
9.81
8.27
2.518
3.025
3.093
1.664
2.349
3.124
1.864
2.474
4.275
4.634
3.006
2.473
4.573
4.276
5.297
6.462
5.297
5.582
3.165
5.716
7.045
9.49
9.06
10.78
8.4
13.09
10.42
9.22
10.05
11.44
10.73
9.96
9.52
8.89
9.01
8.2
4.695
4.448
5.02
24.77
34.5
42.82
41.13
38.8
35.49
32.52
23.16
17.22
11.34
15.08
13.39
11.16
5.808
10.7
4.2
9.77
7.773
8.07
12.99
24.12
22.11
24.08
13.29
18.51
14.77
13.37
8.42
7.483
9.11
6.186
6.748
8.45
7.402
17.94
13.71
17.72
15
7.599
6.65
6.569
6.979
5.477
6.717
10.49
10.53
8.93
15.32
12.53
17.9
29.56
35.79
32.67
49.75
32.75
35.6
39.74
44.06
31.26
41.75
42.44
45.79
37.81
48.7
49.79
54.78
49.34
49.16
51.65
54.89
57.34
47.51
50.69
54.55
54.01
59.27
62.9
63.25
64.34
57.2
57.63
68.64
66.61
67.12
69.12
71.74
62.59
58.07
54.85
68.05
57.24
57.78
63.65
58.56
52.45
60.16
52.63
50.07
48.82
57.95
54.18
57.79
62.2
66.58
66.38
61.1
53.37
51.04
47.07
39.57
34.85
32
42
47.56
54.9
48.48
43.62
49.63
57.05
51.17
45.92
46.41
45.52
43.77
37.52
38.2
43.54
45.94
51.22
53.43
50.59
48.76
46.74
48.24
59.52
58.86
51.55
45.4
44.06
38.89
38.38
33.02
23.01
27.55
32.22
35.69
40.78
41.33
34.15
34.37
45.02
49.46
50.71
54.18
55.03
51.29
51.41
52.75
53.61
53.23
46.72
50.02
51.16
50.23
44.5
42.78
45.9
52.01
52.91
35.32
33.85
33.84
43.52
42.21
45.26
40.67
37.62
16.22
32.64
29.07
27.28
19.75
25.62
22.85
26.45
26.4
24.18
22.41
19.25
22.84
31.83
36.08
40.12
27.76
23.42
38.61
38.13
27.22
28.32
40.35
37.29
35.04
35.41
20.55
20.45
22.6
39.74
45.6
40.53
30.05
25.47
18.37
8.68
26.31
30.5
14.57
11.62
9.39
14.39
9.5
7.959
8.32
6.631
8.59
7.585
11.89
9.62
7.142
11.01
10.68
9.77
7.794
8.4
7.674
8.03
8.34
7.404
7.307
8.83
10.5
11.38
9.55
10.03
12.07
12.11
10.56
10.27
10.99
12.71
8.84
9.8
7.21
6.034
6.044
6.996
15.96
29.25
35.94
37.8
30.59
31.84
36.89
40.37
37.82
31.04
36.04
44.16
43.8
50.27
47.39
37.31
28.16
25.04
24.41
25.5
24.14
26.46
18.56
10.77
10.3
7.552
9.22
10.86
11.89
11.04
7.147
11.74
15.13
16.9
9.34
9.09
5.435
7.837
7.893
4.25
3.631
1.933
2.808
3.616
2.643
5.964
3.175
4.27
2.944
4.467
10.69
12.32
12.63
8.81
6.758
6.591
5.46
9.32
7.719
9.1
12.01
13.75
11.79
9.54
8.37
6.933
6.618
8.56
9.95
5.31
21.68
17.08
7.73
7.405
8.93
5.229
6.118
4.24
2.077
2.289
3.183
4.754
3.026
3.716
5.343
5.373
4.965
6.193
6.204
4.319
6.437
6.762
5.675
4.543
0.734
2.073
7.215
4.423
2.42
1.975
2.452
4.142
3.674
3.189
2.539
3.402
3.921
4.73
2.765
3.463
4.542
1.612
1.954
4.108
2.818
4.834
5.756
4.376
3.834
2.387
1.925
3.726
4.653
4.716
4.113
4.148
4.377
3.902
4.922
3.708
3.816
3.616
2.744
2.397
4.294
3.334
2.372
4.638
4.699
3.362
4.417
9.05
27.99
26.81
18.77
23.95
25.65
29.52
36.23
19.88
17.12
24.74
18.12
20.48
20.71
20.69
19.04
16.24
14.69
19.17
12.3
20.11
19.32
30.24
32.48
33.91
44.35
41.51
44.49
42.99
37.15
34.82
25.27
27.38
24.93
27.51
29.31
21.22
20.47
17.95
17.83
24.11
26.09
15.03
15.88
17.12
15.07
14.48
17.77
23.94
22.76
25.91
14.39
23.49
28.58
31.32
28.23
22.06
19.53
28.38
26.65
30.8
19.06
33.46
33.83
34.16
30.11
30.92
27.14
18.47
34.65
31.4
48.92
55.81
53.46
40.87
45.85
52.21
57.81
68.58
71.11
60.84
55.07
56.35
52.24
47.37
45.42
37.3
42.75
37.1
39.04
40.65
40
22.83
16.35
16.85
16.48
17.52
16.85
16.5
17.74
16.81
15.12
19.43
21.49
20.74
23.79
22.51
19.78
24.76
23.43
21.7
20.03
24.08
22.17
21.19
37.5
55.35
51.38
49.37
57.67
63.56
55.15
48.79
42.93
19.2
21.7
30.2
31.65
19.98
17.6
12.77
15.94
19.63
12.17
14.52
13.46
14.35
18.81
14.49
26.02
25.25
18.75
10.01
8.93
18.02
24.43
24.32
18.46
12.74
14.9
17.02
8.92
2.227
6.524
11.31
7.201
5.312
4.245
2.145
2.566
3.459
6.045
3.495
3.191
3.916
4.773
4.622
3.386
2.854
2.855
2.619
5.582
2.623
5.204
7.967
4.049
5.418
4.716
3.846
4.345
3.234
3.136
4.451
5.695
4.092
2.112
2.937
6.063
2.823
3.114
5.584
2.706
2.409
0.376
2.466
1.012
3.565
4.919
5.275
3.278
2.998
6.741
8.06
7.57
5.469
7.774
10.39
6.212
4.727
4.126
6.213
3.938
4.892
5.494
5.776
2.716
4.405
4.298
6.286
4.285
3.108
4.1
2.736
4.519
4.375
6.38
4.199
4.67
6.882
7.463
7.406
13.16
9.78
13.53
11.83
36.8
24.19
27.42
36.89
38.14
36.68
37.54
34.01
20.5
27.49
16.88
15.22
25.24
18.55
19.77
19.67
17.22
22.59
19.53
15.65
21.4
19.71
11.55
15.65
17.64
11.86
14.09
21.47
22.67
23.24
24.32
36.49
38.45
38.5
38.65
32.34
31.33
26.78
33.05
32.98
32.83
27.42
22.3
23.89
33.16
33.97
24.67
27.23
36.98
39.37
37.12
39.83
35.59
34.98
34.19
32.76
34.98
37.59
33.2
33.75
32.24
33.33
37.51
38.69
36.02
39.53
40.25
31.41
34.61
32.31
30.43
22.63
24.07
25.48
27.32
25.17
28.15
20.49
19.61
17.81
23.18
17.39
15.93
13.52
15.38
12.27
12.34
14.36
14.45
16.39
12.54
8.97
11.35
9.78
9.99
15.71
16.52
14.01
15.56
18.84
13.91
17.88
19.49
26.94
19.88
26.39
26.47
27.13
30.48
30.41
26.88
29.52
27.01
27.25
33.3
13.7
9.32
11.54
7.351
6.495
6.107
10.94
19.22
20.33
19.31
22.37
17.18
19.31
23.62
21.62
15.08
22.63
19.1
26.71
21.47
11.8
14.08
6.917
6.232
8.74
8.64
8.95
7.92
8.31
8.66
6.944
6.241
7.924
6.67
9.41
10.05
5.713
4.392
4.527
4.963
9.31
12.62
6.208
5.712
6.412
8.8
9
8.04
7.729
8.13
8.58
8.65
6.467
8.61
7.006
6.387
8.93
8.14
8.2
8.11
9.83
7.78
6.715
7.194
10.04
11.17
7.108
6.064
8.9
6.888
9.28
8.54
7.116
7.119
7.299
6.424
4.039
2.238
3.05
3.25
4.63
3.909
5.914
6.791
7.477
6.958
3.297
2.17
2.049
4.711
2.214
2.392
6.573
7.113
5.561
5.482
3.718
2.091
2.43
2.79
1.955
2.394
3.111
2.218
5.097
4.938
2.055
2.717
3.283
5.268
3.651
2.054
3.68
2.774
3.107
4.709
3.704
7.02
7.789
8.32
7.064
5.289
4.734
3.436
1.795
1.727
1.004
2.103
1.927
1.199
1.79
2.215
3.693
4.744
3.227
2.199
2.705
3.017
1.886
3.169
3.738
3.333
3.877
4.976
2.098
2.245
2.721
4.601
5.523
2.653
3.884
5.768
8.26
6.618
4.253
6.384
4.171
8.59
8.88
6.528
5.383
10.33
7.944
6.229
7.639
9.05
8.77
6.995
7.052
10.78
10.34
9.54
11.15
5.348
5.127
7.916
8.52
7.397
9.22
8.14
8.81
8.54
7.09
7.812
6.432
5.923
6.931
5.592
5.554
8.93
9.78
7.697
8.07
7.152
5.538
11.64
10.23
26.4
25.24
23.84
24.41
27.89
36.21
32.18
31.64
31.33
29.52
32.58
44.07
45.4
40.87
49.14
46.99
38.26
32.61
49.4
47.52
42.33
48.75
48.54
36.6
30.82
40.72
45.88
54.46
56.75
43.79
43.99
47.81
50.4
54.03
50.16
47.77
51.48
43.22
41.8
31.8
30.48
35.11
47.98
43.07
38.19
15.7
18.53
40.88
44.45
47.15
41.46
43.9
34.98
33.97
39
32.33
12.25
10.22
6.08
10.7
12.46
9.4
12.59
20.3
20.52
26.11
33.15
34.72
34.34
40.49
38.98
33.66
31.07
27.54
33.97
41.11
43.41
34.48
24.32
27.71
28.72
28.6
30.33
31.15
29.22
33.14
17.77
15.13
21.47
22.4
25.05
26.67
32.87
38.61
28.68
21.19
17.73
25.49
29.79
31.74
34.03
27.62
37.74
44.12
46.15
52.98
54.25
50.11
40.78
43.33
42.93
38.15
29.59
21.6
22.47
25.46
30.64
29.7
31.03
32.59
30.27
33.06
38.09
36.51
31.26
29.12
35.45
38.23
38.3
38.17
34.63
38.51
35.64
29.15
48.28
60.97
57.79
53.09
37.66
43.62
57.44
56.98
62.12
70.28
64.85
70.35
69.43
63.54
52.15
37.62
18.4
18.88
4.878
7.071
7.097
7.999
7.776
6.469
5.638
7.695
5.298
7.453
6.399
9.24
8.55
4.8
8.47
13.92
18.16
11.53
5.794
13.32
15.94
12.5
13.82
11.04
14.49
20.47
21.83
18.56
14.52
16.14
15.74
27.07
28.28
21.37
25.74
27.91
25.37
32.38
35.07
36.69
36.13
37.81
36.15
33.58
31.11
18.2
14.29
5.127
7.558
9.53
9.16
7.834
7.723
9.36
8.59
7.854
6.755
8.14
6.664
6.934
8.47
9.37
6.85
8.54
7.234
10.16
8.91
7.224
10.39
8.98
9.44
6.473
9.42
9.25
8.06
8.74
7.057
6.887
6.202
6.49
8.46
8.88
6.728
8.75
10.85
7.412
9.64
8.66
8.78
8.51
7.343
6.853
9.47
7.384
9.06
6.252
4.753
8.56
6.684
7.859
7.344
5.377
7.946
9.21
9.77
10.89
21.13
21.13
27.78
26.61
20.22
21.78
15.54
8.99
15.98
24.34
26.39
19.01
13.62
11.15
15.28
16.58
11.14
10.45
12.5
10.58
9.71
11.3
13.65
10.8
13.61
14.47
12.83
12.32
10.94
12.3
8.19
5.649
6.75
8.98
10
8.58
14.16
16.47
9.73
12.14
9.11
12.76
12.96
13.03
11.82
6.809
6.983
13.53
16.56
13.86
15.95
11.57
9.8
9.37
7.397
15.34
12.13
10.92
17.67
20.28
23.38
20.32
31.1
40
43.09
48.31
48.3
49.24
49.49
47.63
43.18
46.55
44.36
48.82
49.28
37.1
34.76
40.01
36.41
33.39
38.9
38.48
28.35
29.75
31.84
32.41
54.39
55.72
47.86
52.44
54.82
43.18
43.61
38.65
38.97
45.77
39.39
44.93
32.97
36.09
20.57
25.52
20.02
26.23
29.17
36.92
41.99
27.38
33.75
36.89
36.64
36.59
36.51
34.95
32.94
34.07
27.45
24.16
25.87
22.89
27.47
27.7
28.28
31.16
27.4
21.81
22.38
15.8
17.19
14.84
16.55
13.36
19.41
21.77
15.95
16.02
14.15
23.23
7.481
16.11
29.6
39.69
41.13
48.33
47.62
52.13
48.77
40.66
52.21
39.26
50.49
43.29
29.7
15.62
21.49
27.29
23.98
30.32
18.08
31.83
21.47
27.6
19.34
15.56
25.88
23.11
23.89
19.6
30.43
25.99
30.27
20.84
24.37
21.15
16.52
19.33
21.2
18.68
25.18
19.8
21.57
18.82
20.34
20.6
21.08
29.25
19.82
20.49
23.34
15.71
15.49
14.6
18.52
19.11
14.48
22.35
28.22
35.96
37.34
39.03
44.9
42.45
36.83
35.08
38.65
35.41
30.37
29.43
27.06
24.56
19.79
21.52
22.19
23.3
23.27
21.45
24.06
29.19
25.91
28.64
23.08
23.8
22.31
24.46
26.25
26.08
23.15
15.36
5.742
5.46
4.87
5.879
6.071
6.116
5.746
5.343
10.21
6.535
8.1
12.54
7.43
12.93
16.34
15.9
10.16
10.18
6.418
7.222
8.86
5.68
9.76
20.04
22.75
23.02
14.47
4.385
6.676
4.754
5.598
9.57
8.93
9.4
8.11
7.297
4.163
6.837
5.541
12.61
6.88
3.872
4.15
6.457
2.751
3.242
1.778
3.562
3.293
2.552
5.651
5.754
3.978
6.578
5.613
5.179
3.024
3.422
1.742
2.444
2.847
2.153
2.918
1.366
3.023
2.557
0.548
0.78
3.788
2.668
2.633
4.381
3.221
2.409
2.951
2.605
2.897
3.161
2.731
6.396
3.145
4.442
5.897
7.115
7.187
6.059
1.707
7.839
4.195
2.429
4.465
3.215
5.363
4.651
4.028
3.068
2.591
2.609
4.377
5.266
2.832
3.974
3.284
3.782
12.97
7.171
4.63
2.461
3.127
3.551
4.405
4.729
7.64
12.35
15.19
12.1
14.47
11.66
24.27
24.08
20.64
27.96
30.26
32.97
35.72
39.85
46.88
55.02
54.27
52.74
54.47
58.56
62.3
67.36
71.93
73.01
75.34
76.81
70.37
68.94
69.62
70.81
72.21
75.12
72.27
71.76
76.68
80.8
79.15
75.24
72.66
74.1
71.31
68.65
61.95
56.17
77
64.29
62.56
58.02
18.63
9.77
10.12
4.427
6.957
6.847
6.735
9.94
8.04
7.882
8.24
7.552
10.37
5.92
5.472
6.981
7.139
15.42
34.05
35.34
34.78
10.03
10.5
8.52
6.701
12
13.08
10.74
35.42
46.73
48.32
48.88
43.95
39.52
38.97
41
37.79
39.35
36.6
40.65
37.9
35.89
31.21
37.27
35.58
37.41
34.32
31.8
32.24
34.16
36.22
34.64
32.2
26.26
19.11
21.91
18.67
25.23
26.43
24.56
31.58
32.69
32.62
38.73
23.81
28.75
24.09
25.03
21.41
25.26
32.38
42.23
40.63
36.63
34.95
31.62
23.37
22.63
20.64
24.21
25.13
30.93
35.64
33.02
31.76
34.2
29.16
26.53
29.32
34.95
35.4
36.94
36.14
34.74
33.93
34.09
32.75
30.72
34.47
31.15
26.28
25.04
30.4
31.55
29.86
32.41
28.45
30.06
28.9
34.08
36.56
38.96
36.91
30.91
25.17
24.06
16.18
12.02
15.66
29.15
29.97
36.57
26.28
14.42
11.82
10.68
8.05
13.05
29.61
33.3
30.65
32.99
25.57
25.59
26.34
29.79
38.7
24.53
18.53
21.36
25.95
26.98
27.91
30.28
29.04
33.69
28.72
33.66
36.32
27.46
30.1
34.33
28.77
42.67
46.35
32.85
31.23
41.08
41.85
39.7
37.77
36.15
32.84
41.62
43.37
39.94
37.71
40.44
40.97
43.16
38.96
40.37
48.61
54.92
61.07
57.14
51.61
35.23
41.06
49.26
40.35
37.46
37
37.4
35.51
40.21
42.51
44.1
42.2
44.03
39.08
34.12
31.6
33.43
36.1
34.4
28.67
30.15
35.75
41.15
43.16
44.42
44.7
39.95
46.75
40.26
41.05
38.04
37.86
34.27
43.78
46.48
47.13
43.43
49.29
50.33
46.09
43.2
47.68
42.24
44.03
40.27
34.08
39.4
39.78
37.32
41.7
37.77
37.39
33.6
30.41
30.73
32.94
33.38
35.05
36.02
36.15
36.18
36.66
38.99
34.59
37.46
34.23
34.88
31.78
35.29
34.5
35.61
35.96
43.26
42.04
35.73
37.7
41.42
43.07
36.17
30.22
41.64
45.21
42.57
41.85
46.11
41.31
38.93
39.26
33.26
40.42
35.17
31.79
30.94
25.87
17.73
19.1
21.24
18.77
14.92
13.53
21.43
16.23
12.31
4.315
4.55
6.234
4.978
5.903
4.056
2.053
4.112
3.102
4.148
1.672
4.058
4.744
5.395
4.441
6.836
5.606
7.496
4.022
2.268
1.796
2.001
1.467
1.518
1.39
2.398
4.494
4.227
3.187
4.15
3.615
2.477
4.62
3.974
5.329
4.636
4.873
3.638
2.407
2.541
1.955
2.545
3.982
6.305
6.246
5.162
4.903
2.343
1.586
2.942
3.781
4.276
5.41
13.43
10.11
4.648
5.024
14.03
14.67
10.59
7.617
2.535
6.443
6.275
13.03
3.77
3.504
6.001
4.709
6.535
7.842
3.777
8.86
9.22
7.8
5.643
7.63
8.85
3.843
7.082
5.762
8.62
8.55
7.292
6.624
6.016
5.955
8.07
12.07
8.13
10.71
15.18
12.52
11.07
8.1
6.999
8.96
13.77
6.108
9.55
6.95
9.45
7.854
8.51
6.112
9.23
6.333
7.542
7.32
5.942
5.703
8.48
9.29
5.934
5.379
5.562
8.91
6.649
7.306
8.41
9.13
5.815
9.18
7.398
8.84
7.241
7.523
9.23
5.28
5.893
5.343
7.256
7.49
6.947
7.534
6.493
6.437
7.765
7.098
5.925
6.731
6.97
11.05
4.454
9.12
10.98
7.577
7.105
6.329
8.27
9.02
5.974
7.22
6.473
6.91
8.23
5.508
6.965
8.79
7.237
8.06
9.6
10.17
10.39
8.77
11.34
7.701
8.32
7.494
6.437
6.913
7.063
5.698
8.51
9.12
19.05
31.93
36.74
54.04
57.47
55
53.86
53.26
62.15
62.3
49.27
57.64
58.03
52.5
58.22
59.88
60.22
64.43
64.38
59.74
56.9
58.42
56.29
47.77
52.3
67.95
69.64
60.79
43.09
47.29
54.23
33.71
29.42
31.56
28.22
26.28
25
25.61
27.17
31.23
28.04
26.14
24.68
24.08
29.68
26.75
30.31
38.62
48.81
46.73
43.95
45.47
49.36
47.91
33.69
37.88
57.77
58.24
51.3
53.25
50.81
54.43
54.69
52.92
46.13
44.8
38.34
55.5
54.6
51.77
52.03
50.05
52.73
52.03
49.05
40.75
40.4
40.35
46.2
45.58
50.23
49.46
49.26
46.05
44.08
40.07
41.12
42.87
42.63
42.64
43.87
49.13
44.97
46.52
41.85
34.2
33.37
32.69
28.93
25.73
33.05
34.57
15.42
9.89
12.18
20.43
13.75
17.46
19.58
23.95
28.35
28.69
31.66
38.12
29.84
21.25
30.75
30.68
31.61
24.06
23.58
23.63
22.63
20.99
32.49
31.57
30.34
20.92
22.96
17.66
20.52
22.43
22.24
25.28
20.29
16.34
17.47
11.36
11.89
8.26
9.28
6.958
14.06
11.27
12.44
12.38
8.42
13
15.6
21.48
18.47
17.56
23.99
24.03
19.96
28.37
31.62
34.19
31.54
17.6
20.59
16.74
14.6
20.1
28.69
26.75
26.35
24.01
23.13
19.19
17.09
6.779
9.63
10.79
7.841
9.59
9.48
9.8
7.735
8.33
8.48
8.84
14.23
9.43
12.42
10.44
21.18
29.42
33.43
23.12
24.34
18.89
29.18
13.73
15.22
33.86
45.21
44.68
45.35
37.78
38.98
41.04
46.04
41.8
34.73
39.25
51.21
35.01
34.22
28.4
32.57
36.98
35.79
34.66
32.32
25.82
29.44
38.66
38.68
38.08
37.35
33.93
43.75
41.99
28.47
26.31
30.25
35.25
48.2
50.96
41.82
38.3
36.44
29.69
31.16
27.09
28.99
34.18
34.04
36.32
48.78
40.07
36.71
37.85
51.43
47.21
44.37
35.08
25.29
23.44
27.35
30.61
21.51
23.96
28.31
23.01
26.7
25.26
25.14
21.59
28.28
28.56
29.4
32.96
30.6
36.45
37.17
37.85
33.71
22.68
19.57
14.88
20.22
14.08
19.35
13.55
17.66
16.9
16.51
14.15
17.05
18.24
20.71
19.72
28.51
22.67
29.02
26.61
22.74
29.76
27.3
30.14
28.46
26.99
32.05
35.09
35.7
31.21
24.98
24.59
24.24
28.05
28.13
31.01
28.74
24.94
21.28
13.93
16.6
17.67
20.29
23.51
18.36
13.93
16.26
24.32
24.61
16.94
17.48
23.71
21.99
23.64
30.88
28.05
28.51
22.43
14.76
13.51
9.49
10.91
10.24
21.82
21.07
22.5
25.59
15.04
18.36
12.23
12.67
14.43
14.92
10.85
17.26
13.4
10.8
5.63
14.72
23.91
26.33
24.63
31.7
25.69
23.56
10.98
16.79
14.92
15.33
14.02
12.15
14.28
16.98
13.61
11.4
9.67
14.72
19.31
23.51
13.65
10.46
19.19
14.79
10.64
9.14
8.27
10.24
12.74
8.18
11.85
24.3
23.44
19.18
21.8
25.34
15.81
27.65
26.25
28.02
27.03
27.57
23.05
21.29
30.4
39.33
33.19
38.66
37.39
34.07
39.16
33.65
33.32
34.94
35.25
33.48
30.52
33.79
34.44
33.24
31.89
33.27
29.06
30.01
32.84
28.07
27.81
27.72
21.21
26.3
27.94
23.55
24.29
17.6
21.92
20.44
23.42
17.57
14.18
11.29
10.1
8.72
6.647
8.46
8.23
8.11
8.21
7.811
6.686
7.491
6.045
6.448
7.249
8.13
8.99
10.38
6.738
7.384
9.69
7.793
8.12
7.226
9.07
5.945
6.801
7.457
6.825
10.07
8.42
8.51
6.308
8.6
7.556
7.853
8.78
8.91
8.98
9.89
9.68
9.26
9.42
8.19
7.742
7.449
9.37
9.14
6.78
7.912
11.39
8.76
7.606
10.34
7.968
9.09
7.002
7.403
6.073
6.507
7.605
6.077
6.302
6.636
9.95
10.19
7.709
6.45
5.037
6.862
6.812
7.937
9.64
9.2
6.477
9.57
13.32
7.404
5.233
3.605
3.984
8.57
14.96
14.55
12.31
23.23
30.84
11.83
24.63
18.43
24.4
17.23
28.87
24.14
24.78
17.4
24.62
22.04
21.4
14.22
20.2
27.68
30.76
30.36
29.79
38.23
35.86
30.37
35.64
31.83
38.27
38.91
37.71
39.32
38.19
34.19
29.38
31.7
37.07
30.89
25.02
24.92
28.75
31.03
33.9
25.46
25.78
30.9
28.34
23.64
25.82
21.68
17.68
18.58
11.08
6.554
7.712
5.023
6.913
6.129
8.27
10.21
7.655
9.71
9.16
11.13
7.883
9.74
9.55
9.39
8.93
10.01
8.88
8.76
9.51
12.54
8.7
10.66
8.91
9.21
11.52
10.56
10.36
7.207
7.315
10.38
9.73
12.34
10.09
10.83
9.47
7.081
8.66
11.63
7.15
7.522
9.45
8.56
8.37
10.18
6.487
5.602
6.495
8.92
6.223
9.52
9.63
8.93
7.922
9.49
7.856
6.166
6.863
8.9
7.032
9.33
10.07
10.01
9.12
8.44
10.13
11.82
11.26
9.95
6.444
9.75
10.47
9.93
6.516
5.124
8.96
9.34
11.76
10.98
7.391
9.71
8.15
10.01
8.27
11.98
11.27
10.34
15.17
11.74
8.89
10.88
7.754
12.57
8.91
9.93
10.2
8.51
9.33
14.28
7.859
12.26
12.14
10.88
8.67
8.24
12.57
7.975
12.31
10.88
10.29
7.673
8.59
9.64
10.16
10.66
11.05
5.511
8.73
9.99
9.19
6.491
9.36
10.36
7.391
6.341
12.35
7.593
16.07
20.03
19.12
13.91
19.69
21.45
27.05
24.88
18.18
17.5
22.5
10.87
14.22
10.74
7.293
11.33
17.24
11.97
21.14
16.24
18.35
8.25
6.796
5.593
6.204
7.821
9.1
8.71
9.07
8.96
7.182
13.91
9.48
11.91
7.122
7.447
6.153
5.807
6.118
11.14
13.9
15.79
15.04
9.08
10.55
13.66
11.65
25.88
31.16
35.55
40.85
38.54
40.09
39.02
35.72
40.33
36.02
35.85
35.21
34.19
33.19
23.18
25.48
37.86
32.24
35.06
28.31
35.21
37.59
35.06
29.25
33.31
36.07
37.66
34.94
29.23
27.53
37.57
37.35
39.08
42.39
41.69
39.22
45.45
48.28
43.78
43.67
47.71
45.5
50.11
45.04
48.07
44.86
47.93
44.53
48.82
45.13
44.97
46.19
44.48
46.82
47.34
45.22
43.73
39.1
34.5
35.67
33.7
33.91
26.09
22.16
24.19
23.55
27.19
15.34
16.12
15.77
11.24
5.789
8.48
12.72
9.88
8.1
10.35
9.97
11.04
9.99
7.928
9.22
10.54
11.52
5.115
8.8
9.45
6.067
6.398
6.154
9.86
7.125
10.06
14.6
11.39
13.13
16.72
18.95
16.36
24.87
24.75
27.39
27.99
24.59
25.26
30.72
28.37
31.79
39.17
36.42
35.74
43.43
38.32
39.62
35.68
32.18
32.83
38.74
36.54
39.5
44.96
45.62
47.11
41.45
33.94
34.83
30.79
30.07
31.24
33.46
34.13
39.14
42.37
38.5
40.27
49.84
48.32
44.21
44.98
46.28
51.03
50
46.52
43.96
42.8
43.58
41.18
40.82
39.06
34.23
38.91
39.1
44.76
35.9
40.24
42.48
39.52
40.15
47.44
56.23
56.09
38.86
36.19
43.17
37.78
42.44
33.56
29.96
34.66
35.57
39.42
46.66
39.98
41.33
40.43
43.87
46.13
44.79
38.5
35.76
32.67
39.09
41.7
36.07
44.66
51.38
53.55
49.62
48.63
54.4
58.5
52.18
52.36
44.8
45.51
45.19
45.93
43.16
44.42
47.86
45.82
42.95
46.75
58.37
66.25
66.9
70.63
67.74
57.79
58.28
51.88
49.32
42.17
40.87
35.46
27.23
26.13
27.11
41.78
38.18
38.48
38.73
35.61
34.47
41.88
43.78
39.93
42.05
35.73
35.18
25.01
45.82
42.37
40.9
38.89
35.39
32.65
31.92
41.72
42.06
45.34
41.18
37.51
29.56
28.06
22.19
22.03
38.76
32.72
27.8
23.4
26.15
24.47
21.71
20.4
17.5
15.85
21.78
31.33
19.17
21.08
19.31
16.65
26.52
27.34
27.75
24.42
25.56
31.2
34.15
37.56
37.03
36.77
37.15
36.32
28.44
26.44
35.55
33.37
36.99
41.54
42.25
29.61
31.74
24.25
36.6
36.6
34.15
34.31
30.64
35.73
37.92
27.6
16.19
14.75
6.344
8.42
9.58
5.983
5.591
7.531
4.497
5.666
7.845
5.474
8.79
8.81
9.59
9.25
7.331
5.534
6.032
6.246
5.054
4.885
9.45
8.74
7.208
6.785
8.12
4.774
5.345
7.066
7.662
5.609
6.402
8.64
6.251
7.731
4.416
6.691
5.519
4.06
5.998
8.84
6.728
3.501
3.139
3.649
5.27
8.21
7.678
7.318
11.61
12.27
7.616
9.08
9.05
7.768
9.41
7.943
7.845
6.913
7.18
7.926
6.253
7.846
6.77
8.91
7.807
5.07
5.526
7.208
6.689
7.634
4.468
4.88
4.319
3.52
4.803
3.849
5.622
5.851
5.892
7.923
7.859
5.991
1.221
2.278
3.906
5.735
7.776
6.048
4.937
3.75
5.238
7.336
5.957
8.38
9.52
6.937
7.825
6.916
6.884
3.578
6.669
3.765
6.201
7.266
6.436
6.573
9.49
9.25
9.75
9.79
8.68
8.62
11.29
8.02
9.02
9.97
9.05
8.25
8.75
7.37
6.573
6.78
7.029
8.01
4.538
5.566
4.051
2.574
4.248
3.321
4.091
5.67
5.235
4.631
4.196
5.003
4.488
5.536
4.438
4.358
5.125
5.104
6.002
7.637
4.565
3.465
4.216
3.101
6.717
7.654
8.48
8.82
10.56
9.27
6.75
11.32
12.25
12.79
18.74
26.25
31.49
36.26
35.09
47.76
41.73
42.42
45.8
46.07
42.79
41.3
44.79
46.73
42.11
37.71
43.58
52.93
50.28
53
55.25
57.15
46.36
51.2
56.63
52.98
55.7
57.31
51.24
56.59
48.71
50.58
46.96
48.69
47.27
51.47
57.45
53.97
48.87
60.71
57.02
52.87
55.98
56.58
61.44
57.64
51.33
44.86
38.85
36.71
38.36
36.79
39.82
49.46
44.32
38.77
36.65
28.92
28.33
38.44
43.03
36.91
32.99
30.55
33.42
30.87
32.63
25.4
29.5
30.36
28.93
23.97
24.39
22.18
24.81
23.25
25.7
22.31
21.75
29.05
21.79
27.18
26.1
25.76
25.93
31.58
25.02
21.53
21.36
21.09
22.03
23.08
25.45
34.37
31.05
33.92
52.62
65.7
54.4
56.59
55.54
50.98
43.96
44.03
40.56
39.76
40.97
47.45
46.53
43.82
47.93
41.77
35.53
41.8
43.59
45.36
37.03
43.43
40.12
42.13
39.71
40.67
40.65
38.3
35.87
30.95
32.75
34.03
33.93
36.13
35.48
36.04
36.24
37.81
28.8
23.36
17.91
13.08
20.59
13.01
13.86
13.07
9.24
13.8
6.816
15.15
8.34
8.37
7.451
9.5
7.06
9.79
8.87
14.29
15.11
8.79
11.9
12.34
9.52
13.54
9.92
15.55
10.23
11.51
10.84
12.43
12.3
10.98
11.2
8.87
11.97
10.69
10.64
16.57
14.76
20.39
18.45
12.55
10.26
8.82
12.77
9.83
11.96
11.93
12.44
11.04
11.19
10.81
16.88
14.26
11.26
9.23
9.14
6.854
6.385
7.382
11.15
10.64
11.03
7.266
9.02
10.57
9.48
7.272
7.917
8.35
8.71
8.68
7.623
8.36
7.209
6.772
6.326
6.569
4.82
3.643
7.168
2.802
2.246
4.382
5.721
6.352
7.328
7.027
8.65
8.35
5.714
8.18
7.07
4.898
6.673
5.705
8.03
6.742
7.026
6.542
6.165
6.458
9.14
8.61
7.232
7.987
7.326
7.398
10.08
10.19
6.486
10.07
7.123
9.53
11.63
9.67
11.55
9.34
7.7
6.605
6.285
7.085
7.406
7.099
6.48
6.433
7.131
7.414
4.55
6.139
6.353
5.69
7.475
6.482
5.345
7.778
5.891
4.235
7.291
6.011
5.437
4.677
3.325
6.383
9.02
9.05
7.737
5.977
6.885
5.851
9.8
7.695
4.801
9.75
11.82
13.82
8.66
10.43
9.19
8.05
9.2
5.115
3.1
2.164
2.17
3.495
6.782
6.718
10.27
16.47
18.58
19.21
23.92
21.61
12.53
7.007
8.07
13.75
13.89
18.01
22.74
12.44
12.07
13.39
11.7
9.54
10.97
11.12
7.51
7.921
9.19
15.91
16.92
22.53
33.8
35.49
31.75
33.14
30.99
29.36
29.81
26.23
26.88
21.68
16.19
18.76
23.94
11.89
10.67
6.694
7.274
6.037
5.493
4.591
5.319
4.251
4.926
4.087
7.87
6.911
6.965
9.1
10.53
10.66
9.81
9.99
9.68
10.5
11.33
12.92
12.65
12.17
9.57
12.3
10.41
10.33
9.59
9.55
9.72
11.33
10.55
10.33
10.49
8.58
9.4
8.89
9.79
11.07
9.42
12.46
8.39
9.43
10.25
7.496
8.14
7.965
7.471
9.29
8.62
9.56
9.69
7.321
9.89
8.08
7.605
9.59
9.27
10.26
8.42
8.02
6.658
8.68
7.107
8.33
6.679
5.691
7.607
6.859
10.97
7.031
6.759
7.247
7.715
5.219
8.66
6.387
7.95
5.405
10.63
8.63
9.34
10.94
10.25
9.64
7.201
9.32
9
10.16
8.31
9.93
8.67
9.25
9.73
9.11
7.878
10.86
9.66
7.081
5.671
6.011
4.742
6.975
8.43
5.745
5.447
2.247
4.889
6.343
8.99
8.23
11.06
9.49
4.098
1.892
4.41
8.16
8.71
7.886
9.64
10.41
9.17
11.31
10.68
6.224
8.74
8.77
10.29
14.57
11.44
10.59
9.37
11.73
13.07
11.93
11.13
10.13
12.16
8.05
10.23
8.65
9.16
4.219
8.63
8.03
4.975
7.708
6.354
6.439
6.828
8.97
9.63
10.53
14.04
8.55
10.7
8.45
8.64
8.01
10.62
8.72
10.91
11.07
11.52
11.57
8.35
8.13
10.25
10.34
10.21
10
8.23
11.12
8.64
9.94
9.5
9.48
8.16
10.32
10.15
11.56
12.63
9.99
10.85
10.5
10.3
9.07
6.349
10.01
7.154
8.49
7.507
5.972
7.634
5.491
2.924
4.714
4.864
4.241
5.139
6.23
9.57
11.49
15.26
15.34
7.8
12.75
4.699
9.52
10.3
12.8
19.75
17.46
16.82
14.54
12.67
12.54
19.08
20.62
18.54
21.01
13.14
15.48
9.52
12.83
12.1
13.91
8.13
7.359
7.391
8.32
15.39
13.31
17.96
12.4
19.07
28.21
29.37
31.68
34.48
36.02
37.49
41.13
41.85
43.05
39.37
33.58
27.1
19.95
24.9
31.36
25.62
24.4
27.45
17.89
22.88
25.59
29.93
19.82
19.34
23.24
24.5
22.86
30.23
31.83
28.42
32.2
37.22
39.23
41.15
33.9
35.17
37.82
32.53
28.95
27.02
30.28
24.35
25.8
34.11
31.22
36.21
30.2
33.43
32.62
31.56
34.57
41.85
35.1
33.19
31.66
27.3
39.69
49.65
50.63
55.56
45.84
41.74
27.15
24.41
30.87
45.64
47.89
40.06
48.76
50.02
50.26
39.51
32.14
21.15
21.07
20.28
23.56
25.92
26.81
25.47
32.49
27.24
25.2
27.08
27.15
24.74
34.13
27.97
30.15
32.79
36.52
35.21
33.27
35.18
34.4
29.75
32.82
31.92
35.74
29.49
28.45
29.88
18.07
18
11.28
16.1
19.99
19.54
25.7
24.57
26
25.68
27.72
30.81
28.36
22.53
20.45
24.32
35.25
35.98
36.28
38.9
33.32
30.84
33.5
33.8
31.35
28.55
29.49
34.38
38.76
34.86
35.39
28.39
26.16
38.74
35.98
35.94
25.79
26.85
22.73
15.66
18.44
10.51
10.29
9.39
6.509
9.78
11.13
11.32
10.32
9.29
8.24
9.94
7.426
9.62
6.685
7.089
6.137
7.02
8.14
5.457
2.748
2.915
4.915
6.894
4.812
6.355
7.951
4.55
6.341
7.269
5.149
8.1
9.58
8.6
5.574
2.227
2.831
4.765
5.457
3.101
1.629
1.053
2.418
1.488
4.916
3.325
2.674
2.872
4.156
2.5
2.475
2.774
2.361
4.607
2.144
3.161
2.845
1.059
2.651
2.318
2.611
4.182
2.667
4.512
9.86
12.77
9.55
7.967
9.46
8.84
8.43
10.13
11.44
18.61
16.65
15.54
14.81
12.21
9.86
8.52
9.54
7.953
7.358
8.69
9.86
8.34
8.01
8.48
7.434
10.02
9.46
7.396
7.387
6.818
6.046
7.933
5.288
6.881
8.88
7.027
6.885
5.583
5.579
8.65
8.08
7.676
5.561
6.385
6.072
4.288
7.032
9.42
7.734
6.297
8.84
9.78
10
8.34
10.64
10.92
8.5
6.552
6.396
8.17
5.084
4.507
6.415
4.511
5.376
6.378
4.15
2.63
2.157
3.246
4.805
7.066
7.448
6.316
7.342
5.898
4.52
2.297
2.093
3.753
4.382
4.075
7.379
8.29
8.23
7.417
6.774
6.526
4.868
3.599
6.566
3.562
6.557
8.61
8.67
7.009
9.58
8.19
7.911
6.875
6.934
10.22
10.85
10.53
8.4
6.994
5.18
7.619
4.893
6.593
7.368
16.26
18.73
15.43
22.3
27.7
34.19
32.69
32.29
33.19
23.34
17.82
27.39
33.9
33.96
26.58
24.31
30.77
31.5
24.61
32.87
35.79
33.27
39.75
39.25
36.59
26.37
30.2
21.07
25.57
21.53
17.83
24.97
23.2
25.53
37.78
33.37
25.09
29.41
30.08
32.71
38.37
32.14
25.09
25
36.74
34.63
38.94
51.02
46.55
43.4
39.05
30.7
34.79
27.51
16.44
15.41
13.42
17.24
30.35
31.35
27.71
26.5
30.93
25.76
21.24
23.88
26.75
16.3
17.09
17.78
23.06
16.96
14.14
14.74
26.91
42.79
28.65
24.85
29.88
23.03
13.6
13.54
13.23
14.23
17.56
13.87
15.61
8.72
9.53
10.04
6.629
8.31
10.6
17.15
20.11
27.53
23.13
23.63
30.66
30.7
26.36
30.58
36.45
38.53
30.41
36.42
40.48
42.44
37.01
35.97
32.96
34.27
37.91
35.83
36.89
37.25
37.54
39.4
39.46
38.49
32.34
32.11
39.13
36.22
42.73
46.13
44.91
42.01
42.7
41.06
35.47
30.83
30.63
21.63
18.14
14.74
24.09
21.09
28.08
42.26
42.49
40.67
40.31
36.03
34.91
39.17
31.86
20.26
32.46
23.58
23.03
26.16
37.5
41.32
32.06
31.3
41.19
39.2
51.67
33.13
28
16.89
21.83
38.57
69.41
68.12
56.58
51.7
61.29
57.9
54.68
53.32
51.01
49.88
49.65
52.99
49.4
48.03
47.14
46.76
48.85
44.09
45.49
41.29
38.85
36.29
36.9
33.44
34.95
39.72
40.36
40.49
43.2
43.22
34.73
29.4
45.45
39.03
34.43
34.28
29.77
32.14
36.09
34.72
37.22
36.05
33.51
29.71
37.78
38.43
37.06
33.2
28.38
29.99
29.69
27.53
27.87
22.71
18.86
12.9
11.35
11.61
13.43
10.73
14.88
21.61
25.96
20.62
16.58
11.34
14.53
19.46
24.44
19.41
24.72
21.4
21.8
14.1
16.65
15.01
27.09
27.91
26.16
26.17
15.36
16.81
22.18
27.34
23.67
21.74
15.41
17.82
20.72
20.99
17.62
21.89
21.37
33.19
36.41
32.04
33.15
29.71
26.97
27.96
26.32
27.73
29.22
26.39
25.52
29.05
28.5
31.58
33.24
37.79
32.82
31.97
33.01
29.02
27.16
38.16
48.11
56.48
52.19
43.62
37.2
34.92
44.21
47.87
43.72
52.44
58.57
51.49
52.35
51.49
63.2
59.53
51.96
38.05
29.2
26.16
34.07
33.74
35.29
37.74
29.06
33.64
39.47
35.38
30.44
27.6
32.04
31.65
41.07
47.95
48.35
50.64
46.9
51.05
49.61
50.41
49.57
49.97
49.6
46
45.82
58.67
48.42
42.38
45.21
50.3
45.11
49.66
47.92
48.6
53.69
53.86
53.94
57.32
58.91
49.86
55.29
59.88
59.25
58.89
55.04
56.4
34.9
31.52
39.15
37.24
35.62
33.61
29.43
32.34
39.48
33.52
35.69
53.67
55.06
56.23
55.78
59.63
59.51
47.1
40.78
39.33
47.94
47.22
47.81
44.07
45.23
39.77
41.13
38.45
39.74
40.5
39.87
35.36
32.06
21.61
21.64
28.64
26.63
26.21
17.81
21.03
12.39
28.38
30.65
35.34
30.7
36.61
28.31
31.92
25.87
18.51
13.94
31.51
41.96
37.28
32.84
38.39
37.49
33.63
27.99
23.69
16.31
16.89
12.18
5.832
5.965
5.905
4.515
8.04
8.93
20.56
22.96
20.76
44.71
47.63
48.13
49.34
53.28
49.51
57.48
62.64
48.9
52
56.67
52.12
45.95
45.02
40.08
40.28
45.56
48.7
40.44
40.82
42.66
30.23
18.8
27.18
38.19
30.87
27.51
27.42
28.76
24.74
32.31
16.61
38.68
15.67
9.79
9.43
15.68
10.96
12.62
11.69
22.67
37.41
21.06
33.39
37.11
49.92
51.15
55.32
56.11
52.75
51.77
53.29
51.57
47.94
48.86
56.55
50.22
52.26
51.64
46.98
48.2
46.97
51.63
45.14
33.01
33.97
24.23
16.21
9.94
11.04
14.06
12.97
10.67
10.49
10.16
11.84
9.74
12.84
10.56
11.12
13.59
8.79
6.361
5.039
4.333
4.512
12.86
11.21
25.55
27.89
10.13
23.71
46.61
33.96
32.09
52.23
51.44
57.55
60.1
53.83
28.39
15.52
18.82
17.09
11.32
11.31
10.32
17.61
20.76
11.72
9.7
6.617
3.626
5.776
3.431
6.331
6.658
3.495
5.676
2.642
3.384
5.247
4.337
3.572
3.769
2.717
4.496
2.262
5.516
6.263
4.93
5.004
4.96
3.634
5.068
5.468
5.199
4.06
6.904
6.656
8.3
11.21
6.461
6.942
6.382
7.979
4.196
3.984
2.779
3.945
2.149
5.692
3.696
5.481
1.173
2.921
2.345
2.682
3.475
3
3.881
3.082
4.954
4.73
1.355
2.273
4.104
3.919
8.73
8.89
8.66
5.121
5.747
5.492
7.363
5.962
2.189
2.538
2.622
2.101
4.788
6.72
7.144
5.775
7.887
4.07
3.618
3.729
6.886
6.679
3.37
7.286
10.73
9.41
10.99
16.22
12.54
23.12
42.36
61.05
67.72
43.79
53.51
56.1
56.73
58.9
51.84
48.34
53.96
55.03
48.7
52.59
52.65
51.8
50.43
53.45
51.94
51.05
47.59
42.21
35.01
32.78
17.4
11.36
7.732
10.12
12.19
6.837
7.64
7.296
10.32
8.89
11.65
17.81
11.34
14.8
17.55
8.74
21.96
14.69
10.37
8.38
7.446
5.626
5.855
7.357
8.5
3.969
7.847
5.495
5.972
6.658
3.909
2.863
3.251
4.583
5.276
5.405
6.676
5.677
5.411
4.085
4.611
5.406
5.295
7.357
6.66
5.732
6.829
7.663
6.909
4.332
7.679
5.586
5.131
5.644
3.641
7.309
4.574
5.473
7.763
5.254
7.178
6.798
7.852
7.879
6.701
7.817
14.92
19.49
7.529
10.89
13.9
9.77
10.62
15.59
17.19
32.71
33.91
34.19
35.42
36.78
34.53
36.31
40.51
46.08
44.67
46.85
50.06
41.68
48.24
60.96
64.79
55.54
55.75
56.93
63.82
67.67
55.58
52.27
57.01
59.1
67.09
60.6
54.77
54.59
66.47
75.39
62.36
68.73
62.43
61.62
54.68
58.6
59.62
58.49
60.28
55.51
56.45
57.57
59.63
59.93
58.18
55.23
51.95
52.44
51.22
48.14
38.19
30.76
38.25
40.79
28.33
29.27
18.63
17.13
10.36
18.33
20.76
16.88
24.9
37.53
41.24
33.04
16.48
11.07
10.58
8.33
10.52
9.11
9.81
10.51
8.89
10.4
10.61
13.98
8.47
11.01
10.9
7.077
6.942
9.53
14
14.93
10.39
4.321
4.431
8.38
5.224
1.723
0.785
2.073
4.063
2.767
6.594
7.814
3.473
4.15
3.121
6.271
6.849
4.939
6.157
3.506
6.277
6.575
9.29
21.58
38.05
42.19
15.56
7.467
10.35
9.49
8.84
9.5
10.68
11.18
9.07
9.11
11.46
8.38
8.43
5.027
3.61
1.881
1.954
2.599
2.796
8.83
7.883
14.65
33.21
41.53
50.91
49.68
39.16
40.24
35.62
35.46
43.48
43.81
44.32
47.83
48.72
49.54
45.91
44.51
47.21
46.27
52.26
49.33
55.2
52.36
47.19
48
49.72
42.2
42.21
44.68
42.85
43.94
47.92
48.99
57.9
55.25
56.36
56.7
49
55.42
48.19
36.01
29.52
37.62
54.26
47.6
44.58
36.09
35.32
32.47
23.97
25.68
39.19
45.72
46.01
51.62
45.68
46.64
31.88
30.28
37.39
38.4
34.47
24.92
19.06
22.86
27.58
30.01
30.88
25.86
20.29
14.89
14.96
18.67
16.76
13.42
9.11
10.69
14.95
11.28
11.39
16.29
25.26
27.78
31.23
26.49
24.75
27.1
32.07
28.6
26.5
35.4
35.7
32.79
41.04
33.5
30.2
37.59
41.84
37.76
39.19
39.95
41.04
42.16
35.26
39.46
36.36
36.49
37.91
37.77
43.59
41.53
39.22
44.8
45.84
41.23
38.31
35.52
36.4
38.74
33.24
32.5
31.35
28.56
23.09
31.92
25.18
29.91
23.87
28.47
25.71
24.98
24.24
28.97
32.08
30.77
27.04
30.8
19.97
16.92
8.01
6.78
7.285
10.21
9.97
17.72
16.42
27.8
27.1
25.93
27.29
23.71
31.21
38.01
37.24
37.07
35.8
34.72
35.21
37.75
34.09
34.44
39.4
39.41
36.95
35.53
32.1
37.21
35.69
36.32
35.64
34.83
30.34
29.56
27.32
33.58
36.91
44.65
44.78
49.32
52.33
44.86
34.47
26.31
34.51
34.27
31.98
39.38
25.41
18.14
30.04
34.54
41.95
46.35
47.47
43.39
52.41
47.16
44.83
49.64
46.74
53.11
54.53
54.14
55.84
56.68
52.19
53.8
54.11
58
59.48
57.89
55.95
60.93
50.18
51.4
53.77
57.29
63.93
58.5
59.27
46.37
38.39
38.7
39.46
27.09
22.51
19.25
20.08
18.33
27.83
35.38
54.92
47.58
44.43
56.96
47.5
41.07
46.35
47.34
44.87
42.76
32.41
15.05
21.19
30.66
36.45
34.12
37.47
30.83
34.71
24.55
27.37
27.34
27.32
17.92
12.72
9.15
9.67
10.85
6.878
8.31
7.164
7.121
11.18
9.14
7.913
7.1
6.33
5.829
11.36
8.18
6.116
4.527
7.333
6.891
3.988
6.335
2.628
2.074
2.454
3.352
5.288
6.887
4.532
3.436
2.96
2.242
3.991
2.255
5.335
6.864
6.669
6.305
7.911
11.93
10.04
13.39
10.96
7.667
7.623
9.44
6.142
6.992
4.344
7.537
9.35
5.429
8.99
16.37
17.43
13.1
15.09
12.8
7.086
7.466
13.95
12.49
9.27
5.119
8.39
7.421
7.022
8.47
10.49
9.48
11.53
12.2
14.22
8.17
9.26
11.32
13.39
8.37
15.01
12.32
22.87
10.66
9.82
19.05
17.2
21.16
14.59
19.81
12.55
8.16
17.22
18.39
15.21
9.88
19.74
11.97
19.24
27.68
29.95
24.59
9.59
11.53
9.79
10.39
8.44
7.086
12.37
10.11
8.05
4.932
9.86
14.73
25.03
30.52
30.93
32.6
33.36
28.51
31.67
33.08
34.04
33.11
39.65
39.26
34.63
38.84
41.2
39.9
33.77
39.42
39.6
39.95
38.31
38.94
43.66
49.82
45.84
46.34
47.9
44.44
43.16
44.63
43
44.8
45.06
44.31
44.93
44.45
48.79
53.17
49.73
49.79
52.52
58.43
60.23
61.18
58.79
54.98
59.66
54.96
41.58
31.23
36.91
42.32
38.16
36.32
34.44
28.14
15.93
9.3
9.09
4.687
2.975
5.738
5.797
9.2
16.4
25.78
28.64
34.38
32.2
32.6
33.43
33.66
28.99
28.67
27.53
24.49
25.27
16.39
11.16
20.44
20.86
25.78
32.78
31.03
35.07
39.01
37.28
37.14
36.86
28.37
20.15
11.62
12.98
18.44
27.16
34.52
31.45
17.04
22.07
20.16
26.44
23.95
21.32
19.19
26.66
32.41
36.57
30.5
39.46
37.57
43.46
42.86
33.18
28.72
22.45
20.51
31.12
29.92
28.86
30.86
30.07
33.47
28.34
33.71
37.41
40.91
42.01
40.11
38.06
34.01
19.07
29.6
52.59
54.84
46.6
37.77
35.5
36.06
35.96
43.86
41.33
43.18
44.36
38.11
37.67
46.46
47.63
43.39
33.09
26.31
27.95
29.97
36.55
33.07
34.55
35.48
34.54
33.32
31.67
30.16
37.61
37.4
34.89
40.13
37.1
37.23
36
36.17
35.64
35.88
16.22
8.09
8.91
7.313
6.737
10.17
11.96
9.86
9.46
10.12
11.22
13.77
10.95
10.31
10.66
9.63
7.526
8.61
8.29
8.06
8.41
7.706
8.2
7.2
6.819
7.188
7.285
8.56
9.13
6.896
7.736
10.45
7.687
6.818
6.697
7.569
6.863
10.48
9.05
6.724
4.056
8.95
5.802
7.871
5.671
6.535
5.978
5.444
2.187
3.29
2.438
2.3
4.892
8.07
5.272
5.387
6.512
6.889
5.79
6.836
2.533
2.284
6.078
3.025
5.33
2.742
5.839
5.335
7.761
4.184
2.999
5.793
6.993
4.023
4.16
4.272
2.846
3.444
3.749
7.637
6.902
8.08
7.465
7.751
6.238
3.851
3.207
3.25
2.422
3.44
5.185
2.337
7.257
10.42
8.23
7.34
9.06
7.413
5.058
4.081
4.131
4.342
1.464
4.052
3.651
4.82
4.078
4.209
5.514
5.608
3.116
4.01
6.289
5.609
3.252
7.593
6.424
5.332
5.846
3.879
4.382
6.322
8.29
5.285
4.602
5.753
5.751
7.43
6.826
4.317
6.01
2.287
5.616
4.776
6.206
6.79
7.656
7.119
3.992
5.197
4.645
2.912
5.184
6.672
4.956
3.706
8.06
7.058
5.167
3.414
5.083
4.192
5.631
5.111
5.28
7.939
7.742
7.71
7.646
7.105
6.988
6.769
5.878
5.106
5.035
3.126
4.267
3.533
5.126
5.696
8.09
6.392
9.52
6.738
5.794
6.529
5.82
4.707
8.18
5.481
1.457
2.242
3.301
7.667
7.608
8.53
9.09
7.641
9.06
7.324
7.599
6.592
7.458
9.79
12.26
13.84
36.99
12.48
21.98
30.78
44.81
46.19
45.08
46.35
53.78
56.13
52
51.81
55.42
58.11
65.29
62.92
65.49
62.32
61.12
60.48
60.75
64.37
70.1
77.36
69.63
74.64
73.83
73.49
84.7
77.21
76.75
73.24
83
87.8
89.8
77.88
81.1
79.97
72.57
63.43
57.95
47.9
44.68
48.73
50.47
43.37
47.89
47.26
50.14
48.77
48.47
47.39
50.47
52.88
46.71
52.04
46.18
48.9
45.92
50.77
54.87
54.82
62.66
52.74
48.69
41.31
64.02
67.23
62.75
58.45
65.2
66.46
68.39
65.85
66.93
64.32
65.85
65.74
65.83
64.58
53.72
62.45
59.53
54.73
46.1
35.78
37.37
44.15
44.97
46.05
42.75
47.2
44.3
44.62
45.61
40.51
37.68
41.18
40.98
42.83
41.69
43.2
43.88
42.6
39.92
41.08
39.49
38.95
38.18
38.74
43.3
42.95
38.65
39.6
37.5
32.41
29.98
31.6
31.48
27.69
24.09
30.14
23.45
21.42
26.61
30.05
28.15
25.79
18.21
21.07
18.34
12.48
12.41
18.41
16.39
20.5
20.2
24.22
16
21.27
41.74
43.87
42.02
41.66
37.03
38.28
44.76
40.92
45.13
43.35
46.86
41.41
53.19
41.44
37.55
41.55
49.21
43.63
37.15
33.5
37.03
36.28
22.81
28.04
33.51
34.2
34.68
37.13
35.54
32.42
34.16
30.22
25.18
23.81
28.13
35.88
38
39.78
38.38
35.02
27.52
31.85
31.19
29.3
34.48
34.39
27.3
17.16
23.94
36.17
36.21
35.1
27.83
14.08
15.02
15.06
22.75
34.29
31.94
27.35
24.73
35.61
35.29
38.39
32
29.1
22.55
19.24
12.28
13.29
9.18
12.21
8.76
12.59
6.862
17.64
21
13.58
13.49
11.48
14.59
20.02
25.28
31.17
19.19
19.23
23.65
33.3
35.9
36.13
33.4
32.57
32.48
39.35
36.18
38.53
41.82
37.82
31.8
41.46
40.83
37.22
31.4
28.9
30.08
26.86
29.14
29.88
23.89
26.1
27.72
31.48
25.31
18.97
25.48
26.67
13.25
10.44
8.54
10.39
9.3
8.93
8.86
9.79
7.628
11.18
8.77
10.04
10.4
11.23
12.28
9.35
9.87
11.07
12.06
14.53
10.61
13.78
28.29
12.14
9.97
11.53
13.43
8.42
6.787
6.493
7.053
7.645
8.85
9.32
7.952
9.47
8.68
6.52
4.276
7.511
7.282
5.136
4.899
6.719
3.508
22.95
22.53
28.7
29.91
22.59
13.26
22.24
23.36
20.1
17.22
19.66
22.66
27.23
28.39
35.82
31.16
32.76
39.99
41.56
38.14
35.99
34.3
34.74
41.22
38.63
39.43
36.77
37.94
34.69
29.13
31.68
30.4
32.6
36.01
36.99
33.86
34.09
33.21
21.67
27.24
34.58
39.48
41.42
35.91
22.02
27.03
25.81
19.42
18.36
6.954
6.245
6.691
7.116
6.405
8.8
8.89
9.04
6.438
6.85
6.315
8.22
12.16
9.06
7.87
7.147
9.12
7.282
10.03
5.887
4.268
6.328
5.082
7.637
6.31
7.06
7.397
7.974
5.883
5.685
4.022
10.83
9.83
2.682
4.385
5.11
2.997
5.867
7.36
6.916
7.571
6.398
7.382
8.6
9.84
8.21
9.11
10.66
13.71
10.35
8.15
7.818
7.1
10.53
7.782
10.87
12.1
11.18
10.9
8.35
10.42
14.6
11.97
14.24
10.05
17.87
23.72
23.56
18.98
20.7
19.93
28.08
35.63
42.96
41.25
39.54
37.87
36.38
32.06
34.63
31.4
20.08
19.6
25.24
22.79
25.24
21.05
17.25
15.91
11.68
11.32
8.79
4.955
5.888
8.41
6.5
5.528
8.52
6.33
8.89
8.96
7.209
4.445
10.98
7.106
9.7
7.422
11.12
7.294
4.924
6.147
8.05
12.33
10.05
14.66
13.78
12.49
14.18
13.5
9.92
11.56
12.44
12.83
9.27
13.97
12.67
11.26
8.19
9.06
8.9
6.7
5.133
7.335
7.785
7.43
8.21
6.365
8.38
5.586
4.98
6.939
5.553
8.94
9.02
8.2
7.466
8.65
7.767
6.886
5.344
8.03
14.27
16.18
22.2
24.91
24.12
27.09
27.7
26.02
28.64
32.26
32.04
28.11
34.24
31.31
30.04
33.11
28.39
35.62
31.78
27.77
25.84
22.47
20.47
15.76
18.86
19.69
19.32
19.02
21.28
26.9
17.72
13.75
15.01
13.94
16.72
24.59
32.22
37.14
29.19
24.85
24.58
23.71
24.01
23.34
22.27
23.32
24.26
24.83
23.77
23.73
27.35
23.73
13.22
6.855
8.16
6.889
7.247
11.26
8.3
7.716
5.04
7.44
8.95
7.641
10.06
8.95
7.366
8.95
8.35
10.88
9.46
10.42
11.71
5.684
9.15
6.387
7.098
6.029
6.407
6.332
7.67
6.319
7.84
7.012
6.362
6.136
4.679
6.069
6.851
4.611
6.923
4.443
4.522
4.139
2.669
3.452
2.79
2.883
5.524
5.11
2.183
3.171
1.845
0.956
0.921
3.166
4.975
2.153
2.598
1.831
1.779
2.283
4.256
5.893
5.972
2.802
7.412
7.623
4.019
2.746
5.392
10.48
9.75
11.86
10.36
7.893
6.626
9.78
8.22
6.218
8.33
4.741
3.731
6.814
6.195
8.66
7.479
10.6
16.04
14.68
23.99
20.21
29.4
28.03
29.2
26.8
21.7
21.04
22.09
21.82
23.14
29.32
23.25
20.94
18.18
26.21
21.85
22.63
25.35
23.88
21.08
24.22
25.89
23.78
28.9
25.05
26.26
26.85
27.43
33.28
38
40.72
32.16
28.61
28.51
28.83
24.63
25.44
31.1
32.09
33.83
31.9
36.21
34.89
45.04
42.06
37.07
33.51
34.11
28.85
35.85
39.83
39
35.13
38.26
40.29
44.17
47.29
39.17
45.26
43.05
44.38
45.87
43.12
46.84
47.46
46.5
50.08
47.58
45.34
38.27
40.9
42.81
44.58
46.82
49.27
47.91
46.43
46.48
43.62
44.96
50.16
50.32
49.85
41.27
26.05
13.37
7.982
4.986
11.5
10.86
14.91
23.26
47.03
43.01
36.7
38.46
35.8
41.92
31.18
34.38
45.77
44.98
50.26
48.49
48.67
45.52
48.7
47.38
46.35
49.9
51.41
49.56
47
50.77
49
53.33
53.88
52
49.09
50.28
48.71
43.88
38.28
40.01
38.14
34.1
35.61
34.02
29.53
31.63
30.34
24.14
23.95
35.81
23.17
25.33
19.38
10.43
11.67
6.716
9.97
7.34
9.66
11.54
7.588
7.024
6.215
9.86
6.904
7.041
7.297
6.588
5.511
3.915
5.557
3.994
9.45
9.21
11.23
6.552
5.447
9.08
7.494
5.633
6.191
9.31
17.86
26.88
26.66
30.45
29.38
30.1
31.57
15.64
13.58
9.64
11.06
10.87
11.53
11.79
5.579
8.88
4.63
7.854
7.906
5.76
8.07
9.25
9.98
5.419
5.61
6.803
6.612
7.583
8.06
7.768
6.763
8.49
9.23
8.04
5.399
5.588
4.734
3.959
8.31
9.99
10.12
12.5
11.66
9.24
6.844
6.235
6.938
5.514
7.347
6.8
2.523
5.183
5.369
4.759
5.452
12.99
12.35
6.7
9.71
9.02
3.824
6.451
4.403
5.456
4.812
6.813
5.962
3.868
8.07
5.104
2.687
1.698
2.04
4.096
3.438
4.362
6.059
7.947
3.584
4.535
1.65
3.439
2.527
3.034
7.156
2.297
3.141
2.711
3.567
3.846
3.85
6.61
6.366
5.747
4.452
3.859
2.11
5.278
5.31
5.378
8.11
7.561
11.73
9.9
21.32
24.16
23.94
31.8
33.42
34.4
34.3
31.31
30.78
29.2
32.71
30.18
27.13
30.74
31.67
31.01
27.06
32.03
11.88
10.48
13.06
24.34
19.25
19.8
25
32.39
33.98
30.13
31.49
34.54
37.99
36.61
36.28
36.2
37.31
40.42
40.45
35.82
36.91
37.08
35.59
37.31
35.92
34.73
31.11
27.66
28.16
30.53
32.05
29.95
25.89
25.92
20.88
25.62
31.91
32.88
30.23
20.75
12.16
14.83
19.06
16.8
23.5
22.34
26.72
12
11.39
9.84
10.18
10.74
10.62
14.73
17.22
10.66
14.06
12
8.29
9.99
7.463
7.644
9.94
9.58
9.71
9.59
8.39
11.53
8.68
8.92
9.59
7.179
10.58
11.04
10.9
5.914
8.79
7.596
7.769
7.264
8.55
9.35
11.31
14.99
31.77
42.06
49.17
36.55
19.05
15.21
16.55
26.73
44.28
37.75
39.26
39
35.81
30.71
21.39
12.13
13.6
15.64
12.86
11.25
16.73
18.89
17.95
16.31
19.2
15.62
16.27
14.23
17.9
26.6
35.59
49.38
48.81
51.68
57.68
48.25
22.43
45.65
47.33
47.31
43.82
36.78
36.7
26.32
25.72
19.46
20.09
15.92
19.87
25.88
29.54
31.29
40.64
37.43
38.85
37.32
34.87
37.77
33.54
33.38
36
37.22
35.16
32.63
29.51
28.9
38.75
36.46
37.87
35.2
35.07
26.82
13.27
25.53
22.64
14.15
8.78
8.32
4.236
10.3
10.24
11.51
20.09
15.04
6.95
19.72
12.67
8.78
20.6
28.9
23.6
23.39
20.22
17.81
18.07
21.55
22
21.91
26.1
22.32
8.77
8.31
8.84
9.74
11.55
8.53
7.915
3.88
3.87
4.527
4.294
3.492
2.66
4.211
12.86
26.88
29.48
17.4
19.85
25.92
26.7
16.41
14.94
13.14
16.42
13.82
5.083
6.49
12.39
7.402
16.23
15.86
18.73
15.72
9.29
14.04
13.94
16.64
15.6
5.871
15.9
15.4
18.91
15.74
10.92
11.92
20.03
19.52
14.47
18.2
24.48
30.21
31.47
37.75
40.62
38.56
35.19
35.43
45.04
52.06
46.05
41.54
30.49
31.3
30.05
13.01
8.22
16.14
20.65
13.16
15.01
15.57
16.69
19.41
9.25
9.07
7.478
9.75
10.17
11.5
14.67
17.87
22.66
13.02
16.89
12.49
8.07
6.165
8.28
8.51
7.169
7.739
11.08
19.07
11.28
15.03
20.91
26.91
29.95
21.33
15.24
10.63
9.73
10.56
7.667
8.4
10.1
8.07
8.12
5.756
7.024
5.844
6.786
6.242
11.64
18.47
13.73
11.01
11.78
13.75
13.66
12.17
10.67
8.73
12.18
10.47
12.3
11.28
7.76
9.79
9.42
8.57
9.44
9.85
10.89
5.459
7.164
6.836
9.56
12.45
6.846
6.242
9.5
10
10.57
11.15
9.9
8.66
11.59
9.14
13.55
9.6
11.15
12.68
9.03
9.65
9.68
12.04
10.8
12.42
9.08
10.44
10.42
11.75
8.72
17.02
12.31
11.22
11.51
12.35
9.61
14.83
21.79
21.22
31.07
39.76
41.39
42.79
41.63
40.61
38.24
39.31
35.05
21.87
25.44
28.13
33.47
38.39
47.01
49.85
51.4
52.23
50.22
56.5
58.79
59.69
52.72
54.39
58.45
57.21
58.93
55.55
50.5
48.76
47.37
45.76
46.27
47.88
49.39
46.59
48.53
52.6
53.45
49.62
51.02
44.35
46.74
46.47
44.56
41.92
45.84
41.03
38.3
32.35
44.51
48.76
49.48
45.98
50.43
55.49
57.7
57.63
56.51
60.4
66.91
69.73
63.43
65.41
66.09
65.64
67.71
65.32
64.61
61.35
59.65
68.61
71.57
75.98
68.37
70.43
73.66
58.37
57.41
54.35
64.22
73.31
72.82
71.56
69.69
68.24
69.41
76.08
64.23
56.38
66.22
63.45
64.65
60.9
65.27
62.97
59.61
54.09
55.62
50.02
48.28
49.49
49.22
54.03
55.52
53.29
53.74
49.76
51.91
46.03
44.26
40.43
35.35
35.17
40.14
40.55
49.87
52.43
45.6
41.98
30.72
18.09
16.53
26.85
22.2
21.94
21.12
24.45
24.58
26.45
19.76
24.87
29.9
29.24
29.2
26.19
21.04
30.1
29.2
31.21
37.44
30.58
22.45
22.24
26.04
21.67
32.76
27.26
31.37
32.7
30.62
38.67
40.47
38.69
43.18
40.49
37.91
47.41
48.52
44.46
39.85
31.94
32.92
43.23
45.15
42.23
43.27
45.5
45
50.1
42.7
47.02
41.42
45.58
45.74
44.19
42.69
41.5
44.14
32.46
37.95
37.15
37.31
42.81
38.45
36.39
40.29
39.26
43.81
42.86
45.91
49.37
45.57
43.05
39.73
42.96
39.67
40.07
40.29
38.8
39.92
42.6
41.01
43.54
44.77
49.38
48.9
43.69
44.11
41.8
45.7
44.36
43.52
36.78
42.49
40.18
38.55
39.99
38.39
38.15
39.82
35.75
34.28
33.57
36.35
38.7
43.69
47.41
45.44
43.69
46.8
42.25
34.61
29.86
42.51
40.33
27.11
29.53
18.46
31.28
39.31
43.9
44.58
42.45
41.86
28.72
26.66
16.5
12.26
7.802
9.18
16.46
19.34
24.27
28.98
39.73
32.78
38.52
34.5
35.57
42.12
35.32
30.46
35.75
43.48
46.37
46.2
45.64
43.62
36.66
33.48
32.1
28.1
24.63
31.71
32.03
26.61
33.39
33.19
29.86
49.37
55.78
54.16
33.03
30.68
41.63
41.78
53.11
34.21
37.08
45.3
31.02
25.82
31.3
29.85
41.81
41.28
26.02
31.97
32.04
33.84
24.82
18.08
20.33
17.98
25.78
40.28
47.72
54.79
51.99
35.51
30.2
23.68
20.72
20.39
18
18.37
15.32
16.08
26.9
23.41
26.15
24.96
15.03
13.95
4.286
7.862
21.18
37.51
44
39.76
40.63
30.54
25.87
23.44
22.18
21.25
12.67
17.79
19.63
16.28
16.99
19.36
21.18
27.76
27.74
26.48
10.25
9.56
7.323
7.981
7.684
5.818
7.653
8.53
5.11
4.984
4.706
6.255
6.235
5.984
6.064
5.342
3.521
7.317
8.17
4.46
6.026
2.415
3.979
5.093
4.245
5.687
2.809
4.301
5.503
5.522
3.671
6.555
4.871
3.704
3.089
2.394
3.916
3.427
5.017
4.713
7.028
7.089
9.17
6.053
6.006
7.619
3.522
7.272
8.05
5.515
5.698
5.242
1.906
1.354
1.207
2.465
0.806
3.96
5.391
4.941
7.594
6.208
7.31
7.188
4.853
8.6
5.855
5.607
2.783
7.84
6.269
6.301
6.075
4.725
3.689
4.568
3.03
6.029
4.616
1.126
3.774
4.301
4.429
0.435
2.645
3.761
4.818
7.933
4.891
6.825
4.237
5.357
3.334
4.426
7.709
7.534
7.101
3.417
3.573
6.782
9.22
12.81
12.04
9.6
8.74
6.754
10.69
11
9.99
9.07
7.94
8.54
8.12
8.39
9.48
7.109
3.819
5.785
5.627
6.657
8.86
8.66
5.392
2.339
3.777
6.029
10.35
7.579
11.48
12.09
8.06
9.89
6.069
10.12
8.61
8.46
6.529
9.11
7.552
5.361
7.596
7.673
5.244
4.826
5.598
5.453
5.758
8.84
5.657
4.194
5.962
6.269
6.138
7.873
6.418
8.18
4.57
3.3
3.939
5.266
2.98
4.83
3.896
7.58
6.461
4.781
5.549
6.831
4.248
5.14
6.601
6.117
6.622
6.481
6.639
5.585
8.56
8.62
8.78
10.29
9.09
9.51
9.63
8.18
8.42
7.972
10.69
9.11
8.73
7.011
6.845
8.13
7.236
6.524
8.24
8.86
6.483
9.92
6.92
8.22
6.921
7.398
5.73
10.43
7.522
6.228
8.71
12.03
13.63
19.58
18.03
27.12
29.47
30.57
39.11
40.24
36.44
28.54
19.59
35.99
37.79
23.94
32.77
45.95
37.35
33.57
32.92
32.58
31.4
31.62
37.32
35.69
39.3
41.8
42.8
42.18
42.94
43.2
36.58
30.27
35.38
37.71
20.45
26.93
25.63
24.82
23.99
23.17
26.34
28.33
32.97
28.15
28.06
29.14
38.58
40.97
37.86
37.69
37.64
42.39
37.09
35.35
41.52
43.57
38.84
36.54
34.56
40.18
41.9
46
44.73
49.54
54.37
60.95
55.84
52.05
47.73
54.67
51.03
50.31
58.81
57.07
47.61
54.16
46.84
40.49
44.38
47.1
50.91
45.7
40.33
37.6
28.7
37.15
37.96
31.7
16
22.75
28.49
26.5
19.68
24.84
26.44
21.81
19.36
22.69
23.74
28.4
26.51
25.79
32.42
51.11
49.89
45.81
32.74
37.5
40.95
42.4
35.83
33.65
35
41.8
48.74
33.25
37.18
44.98
39.69
41.11
40.02
37.65
31.33
30.8
36.84
34.42
39.36
29.8
26
33.44
34.8
33.25
32.07
32.13
26.89
27.7
26.7
35.54
39.38
39.95
28.92
29.52
29.89
33.57
28.33
29.54
32.16
25.23
21.43
22.67
18.23
14
13.74
17.64
18.71
25.27
23.75
16.17
23.05
17.58
18.95
22.77
22.54
20.79
31.26
21.31
23.52
20.76
21.38
26.61
30.31
30.84
32.18
34.29
37.68
39.75
40.76
42.31
42.39
45.2
48.01
47.47
39.87
36.78
36.93
43.08
44.69
42.37
45.16
45.52
46.73
44.95
52.05
57.99
57.64
55.31
51.92
48.26
44.73
42.77
37.68
31.59
34.65
34.68
38.22
43.73
47.45
51.8
46.58
47.14
41.51
40.85
39.98
41.82
44.68
50.51
52.16
47.99
45.61
42.92
45.78
47.88
44.95
46.66
50.1
51.64
51
46.43
45.26
46.38
37.91
14.41
8.37
7.475
9.78
8.8
9.33
6.599
8.11
8.79
8.62
6.887
5.457
8.94
8.31
8.21
7.805
11.14
11.63
14.88
11.17
10.5
5.855
9.8
10.4
9.15
8.72
7.459
8.55
6.315
7.283
7.329
7.587
6.943
7.045
7.106
7.283
7.729
7.661
20.52
14.63
27.9
17.15
29.17
16.62
18.05
23.87
27.74
33.67
27.63
22.58
24.36
20.36
22.33
18.18
24.27
23.43
26.05
25.2
19.47
13.42
22.25
16.81
19.7
18.56
20.69
27.38
26.52
27
24.22
20.72
20.78
21.54
22.79
25.76
25.84
25.43
25.11
24.07
22.61
27.29
27.7
33.94
36.44
41.57
40.36
39.07
36.2
35.09
40.78
39.87
32.23
38.66
35.8
32.45
31.87
32.76
27.37
20.77
14.19
5.535
8.81
4.913
7.956
8.52
6.526
10.23
9.43
7.565
8.32
10.75
9.3
7.434
8.42
10.42
7.502
4.418
3.763
4.901
2.546
2.238
1.455
3.045
2.016
1.084
1.593
2.887
4.135
3.735
3.71
2.301
2.814
1.888
0.758
1.529
2.782
2.769
2.502
0.78
1.336
2.726
2.523
1.482
2.178
2.612
2.898
3.293
1.704
2.949
1.641
2.834
1.886
2.535
4.563
4.569
3.729
5.971
5.612
4.303
2.844
4.467
2.839
4.663
3.627
3.068
4.265
2.76
5.358
3.006
10.47
6.864
7.478
7.482
6.824
6.495
7.543
5.985
5.625
4.96
7.55
4.625
3.734
4.438
6.424
8.8
10.03
12.96
9.38
11.53
12.71
12.29
11.45
7.18
8.04
8.27
10.05
6.601
8.48
9.17
7.927
7.244
6.103
9.76
8.26
5.498
8.31
8.32
7.148
7.107
6.414
7.159
8.02
10.96
8.45
8.22
9.73
6.486
5.73
6.977
6.411
7.507
7.004
9.54
7.09
6.542
8.86
15.66
17.8
25.77
32.17
35.1
37.01
33.69
37.27
32.83
33.69
38.03
37.46
39.31
38.89
37.46
37.57
41.24
42.78
38.27
36.23
27.2
34.9
45.38
42.69
43.58
41.42
36.42
31.64
32.53
28.77
36.91
48.16
56.06
49.7
41.42
43.35
39.82
40.14
41.67
37.86
35.25
37.8
36.21
38.23
44.81
61.33
61.04
66.96
65.27
54.13
56.58
45.06
34.72
44.95
39.95
42.88
48.96
61.36
62.89
43.9
46.63
43.06
39.67
38.19
40.03
39.4
42.37
36.85
39.9
40.6
35.6
30.72
29.03
37
38.36
38.29
30.85
33.23
26.01
25.19
28.88
27.8
25.45
22.86
26.63
28.23
26.16
32.45
35.44
36.74
33.16
22.48
15.4
14.89
12.59
18.69
18.12
20.51
17.42
18.56
23.44
22.43
20.35
20.24
23.44
26.45
37.14
35.33
31.96
30.28
23.24
25.09
25.7
32.84
29.72
23.36
23.95
30.47
29.86
44.98
50.45
52.04
50.19
49.65
58.23
51.04
31.65
22.24
29.97
26.11
33.53
33.33
17.37
19.17
17.93
26.65
30
20.65
21.95
25.39
36.42
42.44
31.7
42.56
48.28
49.49
50.9
47.34
45.95
43.52
45.12
44.77
45.89
43.68
38.16
35.8
32.42
32.47
35.1
32.74
34.24
34.57
35.93
36.11
35.81
32.24
30.75
30.14
31.55
32.32
33.7
35.43
48.59
54.38
55.96
52.98
46.01
39.31
25.92
16.09
25.59
26.76
14.01
25.62
34.5
30.44
31.1
27.09
28.47
26.65
20.52
20.52
27.57
30.29
23.87
27.07
33.07
30.55
23.83
24.99
15.38
17.95
24.79
30.79
18.8
11.15
10.09
11.12
9.05
8.57
6.422
9.82
8.92
4.749
7.231
7.688
10.21
9.18
11
8.23
6.549
11.73
3.66
7.105
10.92
12.24
8.86
6.736
9.78
9.15
13.22
27.26
36.05
26.22
26.98
26.95
22.09
19.5
13.83
14.24
23.34
27.82
29.23
39.19
47.85
52.14
51.34
47.29
45.06
48.48
42.05
39.13
37.36
40.5
34.09
29.06
33.55
26.09
30.87
32.4
35.1
39.42
38.28
38.64
41.86
41.65
32.73
31.45
29.78
21.72
21.28
25.97
23.49
25.18
24.55
25.27
27.02
27.75
25.6
30.67
34.02
32.71
28.87
32.12
27.86
29.41
26.95
24.35
26.24
28.88
27.38
28.24
28.05
24.82
34
30.36
30.77
31.41
19.63
16.46
22.88
24.6
21.34
19.59
17.49
15.15
12.22
15.19
18.26
15
17.85
13.33
12.46
11.94
10.72
24.66
24.91
19.54
19.92
27.58
28.69
24.14
20.15
23.79
23.74
22.52
28.98
31.21
35.69
36.91
34.48
34.9
35.27
33.78
31.29
33.3
25.35
22.36
19.33
10.27
8.39
6.188
10.51
11.8
11.21
10.2
7.129
11.04
15.35
9.2
14.05
10.22
10.12
8.71
7.879
10.14
8.87
9.55
8.24
7.26
9.12
6.627
4.616
7.884
7.565
6.623
7.704
6.724
9.1
9.26
12.39
12.27
15.49
18.49
21.2
11.86
25.02
23.54
26.12
24.54
28.11
23.42
18.07
25.51
25.12
26.43
39.05
33.71
27.92
29.6
21.57
17.91
11.74
18.63
14.05
8.99
7.526
9.51
9.68
10.54
12.88
15.76
10.91
13.21
10.23
10.43
17.96
15.95
9.8
10.62
6.455
7.198
7.331
8.63
13.7
15.74
24.74
20.02
7.248
9.49
8.23
6.524
10.17
18.18
22.09
19.77
18.35
10.55
11.85
15.2
12.55
12.54
18.31
26.26
28.13
36.15
37.75
35.49
27.75
10.86
18.16
33.45
28.19
29.02
36.46
40.52
41.59
40.03
35.64
37.28
29.48
33.08
32.63
19.17
15.04
19.08
24.02
28.99
28.31
20.78
24.88
27.39
20.81
19.39
21.36
18.43
18.82
18.47
10.12
8.65
4.923
5.505
6.711
13.17
14.34
13.96
14.07
21.53
26.68
22.55
19.97
17.11
23.55
32.7
35.25
30.93
38.2
41.82
47.48
43.41
43.47
37.05
43.8
45.78
47.53
44.44
44.66
46.45
43.02
47.56
44.31
49.61
55.48
57.1
58.32
54.65
58.59
55.8
57.63
55.92
58.12
60.83
63.93
62.08
60.61
59.85
62.5
62.71
59.38
64.23
60.16
66.62
61.69
68.57
68.9
69.77
67.18
64.56
61.12
64.14
62.65
67.05
66.13
65.91
63.21
65.8
59.09
60.13
61.67
54.93
48.58
51.31
56.11
59.93
61.51
60.29
61.31
57.15
58.82
52.71
52.21
54.62
52.28
54.49
52.45
54.02
60
57.74
56.67
57.58
60.41
57.7
61.22
58.83
55.73
49.22
47.87
51.07
46
42.11
40.82
39.11
30.84
30.42
23.51
23.18
11.85
7.754
8.34
6.754
11.59
11.22
7.395
7.842
11.8
8.32
8.37
7.849
6.749
5.915
7.54
5.794
8.13
9.62
8.13
8.76
9.14
8.34
7.965
10.35
8.31
10.28
9.76
8
7.079
7.368
6.743
5.471
2.92
5.332
3.528
2.854
3.666
6.327
4.52
6.585
7.02
9.12
7.291
5.947
4.436
4.043
6.671
5.42
6.312
7.738
4.612
3.273
8.36
7.82
10.06
9.61
8.05
8.09
6.974
9.49
11.66
10.32
8.81
9.7
10.91
6.866
7.952
5.974
7.904
8.09
7.537
8.66
8.69
10.09
8.88
10.14
8.67
7.636
9.65
5.207
4.717
8.66
8.06
7.484
9.23
8.66
8.64
5.139
6.921
6.339
7.97
5.891
6.791
6.936
7.976
6.394
9.11
9.3
6.775
11.82
6.15
10.08
8.38
7.589
8.48
13.32
9.82
9.08
16.14
26.97
21.71
14.38
12.36
10.43
10.26
12.92
10.23
11.64
23.09
37.05
48.58
53.25
51.18
51.3
42.21
40.96
34.76
32.4
25.53
25.3
24.4
23.61
24.9
11.08
8.92
15.05
9.55
12.71
9.77
8.91
8.29
8.1
10.64
14.61
11.86
34.54
34.55
22.83
11.23
9.52
13.31
9.91
11.78
11.74
10.62
7.623
17.9
11.08
13.16
16.57
19.01
21.18
30
40.4
27.25
23.97
28.84
36.41
19.91
23.16
24
23.69
29.05
26.15
16.78
11.45
7.294
8.62
2.431
6.442
5.601
5.755
9.79
9.07
8.45
6.267
5.976
6.154
6.568
9.3
8.1
4.745
5.265
5.029
6.406
9.8
10.11
8.38
9.49
7.832
9.56
8.6
9.08
7.266
3.677
3.738
9.38
7.541
12.37
15.8
11.93
9.01
9.19
3.848
14.57
18.14
19.59
11.32
11.93
16.12
22.04
17.87
14.45
24.51
22.02
16.95
22.15
26.62
30.11
30.75
25.47
39.56
45.24
48.47
46.67
49.76
52.08
65.85
61.54
44.94
25.44
34.23
31.37
29.41
28.51
23.83
28.36
31.05
21.91
24.25
46.03
48.24
55.16
54.07
41.46
36.66
44.88
52.91
58.77
47.26
48.14
44.2
45.35
50.64
58.7
62.69
57.6
40.84
30.3
31.68
30.82
32.74
32.97
39.31
38.47
37.7
35.27
37.98
36.84
40.45
41