5.809
6.561
5.915
6.857
3.641
2.791
3.584
2.436
3.473
5.012
5.216
3.487
4.742
5.148
6.6
5.759
5.416
4.657
2.859
3.467
4.229
5.925
7.138
8.45
9.5
7.04
4.741
10.29
9.06
9.65
4.117
2.969
5.658
4.155
6.352
5.175
15.48
19.76
19.84
20.95
21.66
21.09
24.57
23.07
20.14
19.52
16.13
18.37
14.31
15.68
14.24
16.42
18.52
19.37
17.92
15.51
17.97
23.3
27.01
21.7
23.56
25.86
28.65
26.86
28.7
24.47
33.09
29.92
36.34
40.6
42.06
38.8
44.37
49.13
48.34
43.86
35.39
40.13
40.57
38.45
41.27
41.85
36.12
33.76
7.342
4.42
6.817
4.495
46.86
38.14
28.47
11.83
12.78
8.31
7.031
6.825
46.42
47.97
41.23
33.29
23.98
39.12
43.96
44.23
45.66
44.02
43.73
43.65
43.54
47.41
46.5
44.91
41.22
39.4
35.29
34.43
31.21
25.58
19.51
37.4
49.12
52.78
51.81
64.5
60.52
43.37
46.81
24.03
27.59
29.17
31.72
32.85
40.13
53.7
57.5
68.72
74.55
74.64
70.84
68.04
60.69
49.02
49.07
46.88
44.42
47.85
50.25
53.16
40.24
21.21
39.81
12.02
12.02
10.48
11.08
11.14
8.25
9.95
10.78
14.37
14.24
11.04
7.579
11.35
14.85
13.68
11.17
12.24
10.89
10.64
7.051
9.51
9.38
8.26
10.36
18.91
11.81
14.66
17.42
17.36
14.44
30.1
38.78
31.75
19.1
27.91
38.72
39.58
38.55
36.67
32.79
34.64
42.64
50.7
42.31
39.95
39.22
43.39
42.77
20.77
26.94
25.06
31.75
38.07
38.75
31.84
31.16
34.84
35.28
34.53
34.87
28.93
19.62
27.47
34.28
37.79
33.8
12.77
26.75
25.87
25.81
22.12
19.02
35.72
36.8
41.47
46.54
36.39
33.77
23.95
15.49
15.41
27.66
41.74
39.78
46.7
54.42
56
52.91
43.84
60.53
54.94
52.05
50.28
40.04
25.16
13.73
7.634
4.754
5.657
6.608
7.685
9.32
9.62
6.558
6.737
6.286
7.169
7.876
6.725
8.15
5.747
5.816
7.154
8.15
7.629
4.582
5.979
6.396
7.18
4.856
6.664
6.879
6.08
7.183
8.2
6.481
6.502
7.496
5.763
10.77
7.595
7.257
6.435
6.769
6.989
6.438
7.247
7.014
7.16
8.06
6.31
8.99
7.015
6.46
7.558
4.796
6.241
6.433
5.094
4.995
7.259
8.34
6.66
10.72
10.68
6.452
5.919
5.268
7.765
5.504
4.699
4.828
6.341
6.55
8.8
8.83
8.19
6.804
9.98
9.74
7.017
8.52
8.69
7.978
8.72
8.67
12.06
7.149
15.99
14.94
10.77
10.81
9.14
12.81
9.23
7.4
8.53
5.748
5.644
8.48
7.723
10.26
10.19
5.948
8.85
12.39
5.195
6.89
9.62
9.55
7.027
4.55
4.462
5.931
13.79
12.54
14.58
11.56
10.58
14.11
10.9
13.18
13.38
10.41
27.82
28.21
33.16
33.61
30.54
29.01
29.78
27.29
26.15
36.63
41.83
36.75
35.9
35.97
33.11
30.14
28.54
28.26
17.54
19.16
16.44
22.67
24.48
20.69
27.68
19.84
18.88
23.74
13.92
9.88
11.14
6.82
9.16
8.04
9.29
11.52
8.3
7.18
7.943
8.54
8.29
5.515
6.202
4.513
5.252
6.726
7.048
7.577
8.73
7.611
9.8
8.55
5.631
7.767
7.084
11.1
9.98
11.64
8.7
11.46
18.93
20.28
10.66
14.63
14.57
8.39
16.1
10.51
23.57
6.602
17.54
26.8
10.27
13.29
32.04
30.68
21.05
26.05
22.99
19.9
21.57
12.46
6.813
5.412
3.063
5.056
2.674
3.903
2.211
4.934
5.171
6.394
5.905
7.585
7.357
8.73
7.459
6.614
3.36
7.492
7.176
6.666
5.158
5.559
7.145
1.988
3.104
6.732
3.699
7.033
7.261
5.948
5.214
4.264
4.345
8.39
6.985
10.54
9.96
7.636
9.75
10.44
8.8
6.472
9.56
8.89
5.954
7.851
6.931
7.111
5.355
8.15
6.493
10.45
6.659
5.201
6.656
6.092
6.692
9.61
7.757
12.9
16.52
16.61
19.96
17.29
15.1
12.8
7.156
8.36
9.3
7.435
5.798
8.62
8.32
12.82
15.64
17.62
25.39
24.32
31.18
18
12.68
19.08
23.25
33.59
37.49
42.58
42.82
47.65
47.06
52.37
62.08
58.83
67.24
68.82
71.91
75.55
76.82
82.1
88.5
90
87.2
83.5
84.5
75.75
86.7
76.86
74.73
75.57
77.53
70.19
75.68
66.32
66.48
65.96
70.58
72.01
58.09
59.04
63.8
62.07
66.48
69.3
80.7
77.29
70.35
79.19
82.7
83.7
77.65
71.04
60.08
60.53
63.61
67.07
56.96
60.54
52.28
60.34
64.4
54.52
50.25
48.41
57.37
54.69
51.2
71.43
73.83
74.08
55.95
61.66
58.79
58.47
59.43
63.5
61.06
64.44
65
61.64
40.25
17.67
23.3
28.22
35.44
44.67
42.07
45.76
53.08
42.16
33.04
26.94
30.19
35.14
52.29
52.95
60.11
57.45
62.46
64.52
67.95
63.59
62.69
65.78
59.97
63.13
72.39
70.01
70.52
68.34
67.66
70.39
64.76
57.73
53.27
54.17
58.43
52.1
55.41
55.82
54.63
49.76
56.8
53.62
53.87
48.62
36.84
41.46
44.79
42.2
39.76
45.2
42.57
40.69
39.26
42.02
41.7
34.95
33.31
39.56
41.19
49.91
45.57
37.82
41.76
41.52
41.94
45.13
45.34
38.1
41.15
47.27
43.67
51.44
51.59
55.31
54.66
54.74
53.93
55.94
44.21
43.87
51.39
35.5
32.36
30.53
33.97
27.43
29.56
42.34
37.57
36.01
38.75
40.42
39.84
43.66
45.14
42.2
42.31
40.54
36.85
36.22
43.76
44.15
43.79
49.62
48.39
47.43
54.28
50.3
43.64
49.74
52.4
47.07
50.17
54.77
54.58
46.67
42.42
38.52
46.34
41.74
51.11
48.19
35.09
37.15
30.8
18.21
23.95
32.1
49.32
43.94
51.71
60.19
45.33
45.35
45.13
43.06
38.45
37.99
40.21
43.37
39.14
35.46
39.12
37.76
33.91
35.81
43.7
43.14
42.03
49.61
54.74
48.84
51.77
53.65
57.14
56.17
51.91
50.54
39.04
30.15
33.61
29.25
28.97
31.19
40.58
39.56
38.71
36.73
40.77
46.7
46.73
47.43
49.68
50.9
61.36
68.73
69.03
54.74
53.2
48.83
39.36
47.99
39.46
29.51
37.56
50.19
45.03
48.35
44.07
53.85
49.72
45.85
37.18
44.32
33.99
27.15
7.387
6.409
6.457
10
6.261
11.25
8.66
9.35
7.985
12.72
11.18
13.48
18.84
25.99
11.02
10.43
27.3
29.83
39.95
42.38
34.28
30.69
26.57
24.17
36.45
23.02
23.01
20.97
30.9
13.4
23.29
12.02
12.88
24.44
21.15
17.66
19.54
19.66
8.36
8.86
8.05
10.52
10.74
6.657
12.49
7.105
12.19
11.11
9.1
8.2
9.91
9.98
9.26
10.11
9.75
8.88
9.41
11.35
11.07
12.55
10.04
7.822
9.05
5.358
8.32
7.262
8.68
7.305
6.541
6.438
8.24
9.18
6.426
7.231
9.02
8.66
11.12
10.68
9.4
6.261
6.921
6.1
3.792
6.008
3.559
5.934
12.91
16.56
12.59
6.694
8.45
9.59
7.137
8.28
8.14
4.382
7.336
6.768
9.86
11.91
18.07
8.45
10.64
6.775
18.89
16.31
22.92
22.35
24.08
18.28
17.11
16.21
13.84
14.4
24.56
23.46
17.62
20.88
25.48
29.98
26.08
28.03
28.94
34.68
33.35
39.68
33.84
36
28.15
23.95
18.4
33.34
43.64
37.96
39.39
35.44
31.47
29.59
40.44
48.86
48.57
34.99
25.39
15.18
14.98
23.74
14.66
14.69
13.89
25.27
23
12.95
21.36
25.91
18.85
33
27.16
21.81
20.32
25.9
21.43
30.68
34.14
31.51
36.06
32.41
29.42
27.01
16.99
9.32
10.87
16.03
11.51
17.18
23.7
21.79
30.22
20.48
23.16
28.07
29.7
35.29
36.35
14.6
19.9
18.48
16.64
20.51
21.42
30.27
36.36
18.21
10.65
16.8
12.87
21.44
10.31
13.16
13.88
20.93
26.34
22.9
10.11
24.9
32.15
33.62
34.34
31.98
25.88
29.68
25.61
15.25
18.48
28.45
36.69
34.64
30.9
40.47
28.06
25.8
21.96
21.82
24.35
19.87
16.73
9.17
10.73
8.19
19.94
19.36
21.38
15.95
8.31
12.64
11.94
12.93
11.2
11.77
18.43
37
21.94
23.46
32.72
30.63
31.64
36.62
38.49
32.99
10.08
7.154
7.562
22.22
42.61
49.36
51.11
51.41
37.73
42.24
35.68
36.21
41.8
41.42
43.26
43.2
43.8
47.26
47.17
51.94
42.17
42.57
44.48
50.28
48.23
48.39
46.61
48.95
47.68
48.14
48.66
49.61
52.53
50.28
55.73
59.37
56.19
50.3
51.16
52.05
50.77
50.37
47.37
49.79
44.72
40.58
45.2
45.4
51.43
50.29
46.43
48.12
48.69
49.78
45.58
43.2
41.81
41.32
42.86
48.43
48.63
45.15
42.78
43.18
41.25
44.17
41.62
42.9
42.81
44.9
45.53
46.63
44.43
38.19
31.09
20.88
28.72
39.59
40.87
42.46
40.28
48.59
51.4
41.38
40.33
36.33
31.14
24.86
20.3
26.95
24.89
30.34
21.7
14.88
13.11
8.97
14.94
14.46
9.63
7.037
5.853
14.76
10.94
7.401
11.58
10.03
12.32
15.26
15.99
18.32
20.74
22.69
35.38
33.69
17.31
18.62
29.94
17.22
5.483
15.69
15.61
18.83
14.45
27.28
35
38.36
41.66
40.57
28.77
19.29
32.35
34.59
32.2
33.96
30.3
38.95
25.86
36.39
40.57
36.21
37.37
25.53
20.63
28.8
29.09
40.58
35.71
35.69
41.76
43.59
43.34
37.66
39.53
42.46
53.78
71.07
61.02
56.17
50.64
46.64
45.74
47.33
44.95
35.49
31.86
40.37
39.82
33.33
31.12
29.07
30.11
36.72
41.77
44.66
42.95
42.3
40.84
40.63
36.2
38.11
37.56
29.38
34
34.27
39.88
40.93
38.38
32.94
34.05
43.82
45.76
51.46
53.09
44.51
58.05
82.6
84.8
90.3
83.8
83.3
86.8
78.59
72.92
81.3
78.6
71.22
76.95
77.61
75.52
80.5
78.41
82
72.49
79.32
91.9
85.4
85.9
84.4
52.33
58.89
56.52
51.64
49.21
47.1
50.69
34.29
30.16
52.55
45.18
42.28
35.08
27.66
19.68
19.33
8.58
7.106
7.947
3.405
6.458
7.406
20.83
30.1
11.24
11.95
17.67
24.19
20.93
29.89
19.87
15.03
10.98
18.3
15.7
7.231
12.06
14.71
9.6
10.14
19.53
24.64
23.83
28.82
25.06
11.16
13.79
11.35
7.187
9.93
7.806
6.901
9.94
8.11
4.859
7.212
9.16
12.8
10.16
10.04
11.4
8.71
9
6.878
9.26
9.4
7.398
8.57
7.28
5.463
6.889
7.301
8.25
15.65
30.63
35.49
32.32
35.97
45.23
43.9
45.54
43.94
43.83
47.24
46.66
41.08
46.73
53.49
53.06
40.34
44.2
38.59
38.2
37.92
36.76
38.43
43.65
44.22
46.63
43.01
44.12
42.44
40.92
41.25
39.06
33.64
28.43
23.71
20.22
32.08
28.34
33.52
38.7
34.83
28.91
33.91
41.06
36.96
31.91
29.96
30.21
30.65
24.49
26.27
20.08
15.54
18.85
25.66
24.28
19.54
19.13
24.36
27.38
16.52
19.27
19.31
24.38
39.8
40.64
38.64
37.37
43.52
37.65
42.76
43.83
36.34
39.07
37.91
41.06
51.61
52.76
51.69
59.06
42.29
36.27
38.4
50.25
53.91
44.64
48.75
48.31
48.83
46.99
48.77
53.19
50.48
45.78
48.03
48.68
37.01
27.51
47.37
55.58
55.66
47.34
65.97
69.38
80.3
68.81
60.15
49.47
45.62
44.77
48.82
54.58
51.64
52.67
61.22
50.39
45.61
71.45
74.42
79.08
80.4
81.4
78.85
77.25
84.5
87.4
89
82.4
81.2
82.4
72.32
67.31
72.78
71.22
59.59
67.64
68.24
78.39
70.68
75.14
80.5
77.11
74.04
80.8
83.2
78.49
81
77.27
64.05
69.5
63.15
60.89
56.43
60.41
61.56
55.99
52.72
43.09
42.43
47.94
49.14
50.41
47.97
50.23
47.47
38.71
40.97
45.12
37.37
27.85
26.65
34.07
31.79
36.41
29.94
34.45
28.75
37.16
44.13
45.08
47.55
46.7
47.59
48.61
45.1
35.83
20.06
15.97
28.01
24.99
20.35
14.55
13.75
14.19
12.49
16.05
22.67
27.96
29.06
24.89
25.87
12.96
10.31
9.19
10.08
11.83
10.32
20.5
11.42
14.37
12.32
11.69
11.2
12.59
8.73
9.99
21.64
10.05
9.16
10.92
10.23
12.44
24.94
19.87
20.97
17.47
15.28
20.61
14.3
12.55
21.45
13.73
22.05
13.25
13.41
12.12
10.07
8.17
7.084
10
5.979
6.07
3.312
10.26
11.83
10.27
11.3
8.71
11.93
9.27
11.26
8.02
6.214
8.93
8.16
12.22
9.5
10.81
9.01
8.4
8.42
6.606
7.21
5.849
6.454
6.741
4.272
7.548
7.987
7.286
6.012
7.101
10.75
7.373
5.321
9.36
8.54
8.28
11.61
9.46
8.09
10.32
9.49
10.59
8.13
9.41
7.709
7.709
4.59
3.549
1.635
5.583
7.385
4.811
5.453
3.423
4.023
4.414
3.949
3.57
5.439
9.21
9.65
9.95
8.45
8.71
9.13
7.622
5.636
8.21
9.21
8.43
8.8
6.765
3.583
6.604
7.031
6.791
7.701
8.44
6.868
5.616
5.112
6.831
7.024
8.3
5.983
2.254
4.558
4.736
2.695
3.183
3.022
8.65
11.9
9.35
9.92
5.191
6.745
4.998
4.324
6.422
12.7
12.98
11.7
19.56
15.73
11.44
13.06
10.08
18.33
21.14
21.97
21.15
15.04
17.48
11.92
9.46
10.74
7.34
7.271
7.592
8.34
6.952
5.973
6.214
2.677
9.39
16.82
30.09
25.48
18.82
22.4
22.68
21.64
15.26
19.93
26.81
26.99
25.19
15.83
9.52
17.15
26.1
31.33
28.43
33.45
38.67
40.2
30.26
24.41
27.12
18.48
28.68
36.66
30.44
28.53
20.46
20.47
24.53
27.38
38.99
33.47
25
20.49
26.61
16.38
7.49
18.79
20.43
13.39
23.54
20.21
22.93
28.34
27.12
24.47
25.6
29.29
30.29
30.74
31.07
31.33
29.91
33.5
31.36
30.7
29.84
23.37
12.46
23.99
12.47
15.1
16.62
21.67
23.4
26.49
25.85
20.93
20.37
17.87
15.57
18.78
21.81
28.06
23.93
20.37
16.87
18.73
17.62
16.51
10.62
13.18
17.09
13.79
8.26
9.49
8.22
18.32
16.32
16.7
16.51
9.4
14.93
18.17
17.58
7.255
9.55
7.273
7.851
7.733
9.11
6.791
6.635
6.967
7.504
7.582
6.597
6.867
7.268
6.711
9.46
5.344
4.521
5.837
7.495
7.515
10.48
12.27
3.41
2.668
1.624
3.06
2.539
3.879
1.358
1.747
2.162
3.102
1.472
0.606
0.539
3.174
2.654
2.296
5.332
3.11
4.132
4.054
4.982
2.533
6.435
4.612
5.313
8.12
9.66
13.37
10.13
7.809
4.862
4.901
7.774
4.987
4.346
7.871
5.536
7.912
3.751
3.818
4.046
0.55
3.73
1.543
0.463
1.367
0.429
0.866
1.699
1.328
1.63
0.724
2.1
2.871
0.901
2.412
1.979
0.638
1.793
3.187
3.725
4.814
5.47
7.659
11.9
10.34
9.45
8.18
10.4
13.79
11.28
8.76
7.574
9.96
10.57
9.86
9.32
8.92
7.359
2.583
4.068
3.936
5.16
4.849
3.978
4.17
4.087
4.02
4.252
6.572
4.014
3.501
4.996
4.091
4.709
3.228
5.252
6.923
5.984
9.92
9.74
9.9
8.58
8.1
9.77
8.17
8.01
8.15
8.96
12.73
12.48
12.45
9.14
8.33
9.39
9.21
7.036
7.86
8.15
8.69
8.53
6.784
6.364
6.629
4.881
7.289
9.3
10.12
10.2
6.44
9.17
8.16
8.4
8.37
5.154
7.691
7.879
7.122
6.319
7.535
6.208
5.93
6.615
5.658
7.912
8.05
6.809
9.77
5.449
5.985
7.815
6.634
14.3
14.03
9.2
11.65
15.65
12.94
7.529
7.573
7.328
4.999
7.019
5.699
6.501
8.4
6.553
10.39
7.084
7.011
7.9
6.89
4.947
6.007
8.46
9.66
7.079
5.255
9.01
11.06
9.9
7.11
9.77
7.438
9.66
6.618
6.607
9.02
9.36
9.99
7.701
10.18
15.09
18.04
17.09
18.63
24.4
29.9
38.17
43.81
47.72
31.75
41.61
41.72
48.14
49.98
33.82
46.58
42.39
33.86
35.31
35.12
33.52
38.27
42.38
44.64
41.2
48.67
44.74
43.64
44.35
47.59
50.82
48.82
45.54
47.87
44.84
46.84
45.78
43.1
41.86
42.4
42.86
42.97
39.63
40.35
47.24
50.03
48.43
47.13
46.2
38.8
41.48
43.89
37.57
37.51
37.11
45.28
36.96
27.39
15.61
11.35
15.13
20.52
22.79
14.63
24.2
29.12
32.37
33.74
33.2
30.54
28.12
27.29
21.94
23.25
30.67
35.44
42.93
33.79
33.25
37.3
31.41
34.77
34.62
36.81
31.01
31.29
32.11
37.56
45.87
43.02
41.14
30.13
25.25
12
11.38
11.4
12.31
12.26
10.06
8.15
7.46
8.43
7.513
11.77
8.92
11.11
10.14
10.26
11.16
13.8
14.07
11.25
10.92
11.92
14.42
10.49
5.767
3.724
4.252
11.76
11.04
6.806
5.353
4.253
2.726
3.665
3.591
6.729
9.29
10.47
14.21
12.24
9.37
11.03
6.988
6.766
8.38
8.05
8.37
6.45
8.22
6.719
7.824
6.96
7.942
11.3
8.19
10.56
5.53
6.728
6.078
7.777
8.26
7.287
7.164
9.94
11.64
12.01
11.58
8.91
9.13
10.64
9.48
9.99
12.11
9.87
8.37
9.26
6.707
10.58
9.48
9.65
8.74
9.14
7.325
7.41
8.68
8.28
9.74
7.502
4.267
4.526
6.952
8.45
9.82
7.507
8.74
6.945
6.266
4.701
4.086
5.229
8.17
8.94
12.5
17.55
32.46
35.16
36.74
35.37
35.23
39.29
43.4
38.22
37.37
27
30.91
27.11
19.19
21
24
20.32
16.46
20.14
17.74
17.31
14.11
19.13
20.05
15.9
18.15
16.11
15.87
16.07
14.4
16.69
21.36
17.89
18.9
23.57
22.33
24.92
25.01
23.33
19.81
21.55
24.91
22.32
21.74
19.99
22.7
17.94
21.71
19.25
22.94
18.69
19.93
19.11
16.45
15.51
23.46
20.56
25.42
23.02
24.68
24.16
24.12
29.67
32.58
30.55
29.98
29.12
31.31
32.19
39.26
49.03
37.69
38.55
27.28
28.57
35.78
31.4
35.24
31.39
28.84
24.43
37.33
39.39
44.63
45.86
40.59
40.56
41.53
38.78
36.81
38.55
46.12
47.25
39.5
33.6
34.68
32.09
37.06
39.87
35.49
35.8
37.63
30.22
37.72
32.61
32.15
35.66
34.1
34.22
34.01
38.49
38.54
43.36
43.96
41.91
41.66
34.62
33.85
36.55
37.19
43.39
42.45
36.08
36.98
41.68
33.11
31.84
34.76
43.74
45.12
45.9
45.46
45.1
42.6
42.31
38.26
36.94
44.12
22.43
35.66
53.67
57.14
44.36
41.37
45.66
47.92
55.52
50.01
58.87
58.88
60.04
52.23
48.87
49.88
48.69
49.9
48.07
48.2
43.15
41.83
44.8
48.99
51.97
52.54
53.84
41.15
47.46
48.48
32.83
31.85
25.26
29.27
25
14.94
25.67
9.61
16.82
15.73
12.54
11.69
11.43
17.07
13.48
8.13
12.3
23.25
21.53
18.24
12.41
12.06
9.95
10.91
12.68
9.6
12.67
15.02
12.29
9.47
17.4
18.66
14.33
13.17
42.22
27.49
36.28
38.27
46.11
44.96
46.28
68.08
67.77
64.49
57.09
55.07
58.33
60.51
70.57
77.89
78.76
74.66
75.88
73.17
70.11
67.89
66.81
67.75
68.84
57.24
67.93
69.73
69.37
67.39
58.72
59.71
61.84
62.54
68.97
71.21
76.2
79.67
74.95
76.85
71.93
73.74
78.09
76.13
70.51
65.75
66.23
69.82
70.32
70.85
76.41
73.95
70.62
74.05
82.7
83.6
79.81
80.9
77.24
76.56
81.3
72.65
79.92
65.41
69.15
74.01
68.31
76.12
74.54
67.42
55.39
62.01
61.38
59.38
59.81
68.61
66.38
63.43
62.87
67.39
66.9
59.97
59.98
61.39
54.57
61.5
59.01
59.14
52.16
51.03
52.4
50.91
47.62
48.87
44.72
46.7
49.71
47.57
42.6
34.72
39.25
37.94
30.12
26.49
24.07
24.16
33.42
32.74
18.8
9
7.75
10.44
9.39
7.048
8.31
17.73
24.72
12.89
12.43
9.7
9.84
8.8
16.05
16.39
9.61
22.74
12.12
9.41
16.61
11.03
9.04
8.64
7.425
9.54
10.35
9.74
9.45
8.01
7.453
16.87
22.27
10.26
5.219
10.4
26.71
28.39
25.39
33.65
34.9
29.59
32.45
37.39
42.02
36
34.92
39.83
43.43
42.12
41.66
41.3
39.04
44.16
43.97
45.4
43.5
43.31
46.74
43.86
42.78
48.68
49.97
44.22
46.39
49.01
49.47
52.61
46.23
47.51
50.07
49.09
43.51
50.08
55.54
54
42.3
40.17
44.5
48.09
58.98
56.75
51.56
54.55
53.48
47.97
52.79
54.56
58.65
54.36
45.22
12.92
17.31
13.23
23.06
14.18
11.02
11.78
9.79
11.66
11.84
11.33
10.49
12.19
10.67
9.94
9.51
9.82
13.51
10.78
8.86
8.55
7.109
4.042
2.854
5.072
5.221
4.945
4.135
5.766
3.734
3.868
4.034
5
3.504
3.906
3.737
4.582
6.026
6.096
4.448
3.778
2.858
6.433
5.819
7.746
4.972
6.162
4.694
4.335
6.527
7.827
10.99
11.6
11.86
9.1
12.89
6.654
6.673
7.258
6.889
8.53
9.19
8.69
10.85
10.11
9.06
14.46
10.43
12.42
7.431
8.08
9.95
9.45
9.99
9.47
10.7
14.53
16.94
10.28
11.01
9.34
9.82
12.53
6.791
11.58
6.381
10.65
7.127
10.47
21.8
29.25
33.7
34.6
35.19
36.27
36.75
42.77
44.44
46.97
47.26
43.67
42.54
45.12
48.72
50.61
52.58
54.6
48.63
41.22
44.03
43.75
40.21
29.73
22.24
22.59
19.35
24.36
29.42
16.18
13.47
11.23
4.788
5.433
7.126
9.41
16.04
14.6
25.27
41.76
42.6
35.4
30.09
27.33
27.96
30.24
32.07
26.89
18.88
20.39
24.46
23.85
24.6
27.3
19.45
16.6
20.03
20.67
20.48
24.28
17.76
19.86
10.29
7.362
3.47
4.13
1.847
1.092
2.505
1.427
5.252
5.186
5.004
2.095
1.767
5.546
2.64
3.791
2.456
2.562
3.589
2.412
1.72
2.444
1.511
3.689
2.362
1.194
2.034
3.04
2.48
3.347
3.138
2.375
3.45
2.587
2.028
3.152
3.046
1.818
2.484
1.233
0.954
3.457
1.679
2.877
3.926
4.66
3.338
3.681
0.812
1.126
2.289
1.704
3.513
1.906
3.332
4.817
3.599
3.607
5.567
3.998
3.114
6.658
11.68
24.79
28.87
19.94
22.32
28.86
28.42
32.65
33.75
36.58
35.47
36.64
36.47
33.31
26.91
25.71
27.05
36.5
33.01
20.35
23.95
33.56
42.14
43.55
38.81
39.38
37.95
38.31
34.49
38.19
38.23
35.25
26.6
26.95
22.04
14.25
9.86
14.73
17.56
11.29
9.52
8.17
7.53
4.688
14.68
24.46
24.56
17.44
25.98
24.76
35.76
34.91
34.79
34.92
42.47
52.75
58.68
61.79
46.89
33.62
35.78
30.94
40.93
59.83
55.21
48.87
44.01
45.37
45.22
53.47
52.14
55.62
53.24
54.04
50.78
48.76
44.62
45.85
40.62
36.1
35.42
30.77
33.79
43.99
46.24
56.49
56.75
49.92
46.75
41.77
41.94
33.9
22.19
17.41
14.53
14.97
29.92
20.23
23.77
20.76
22.38
19.38
15.34
6.41
21.13
12.4
8.6
17.22
12.78
16.08
28.14
35.18
34.37
30.08
27.77
32.3
15.1
24.89
36.51
36.51
35.74
34.83
29.06
22.16
19.16
16.4
33.14
37.53
33.26
33.38
34.73
35.58
24.4
23.43
19.59
25.62
35.02
29.05
12.88
11.65
8.65
7.035
6.523
5.783
5.759
9.14
5.483
6.582
10.53
10.09
9.24
10.3
10.38
42.38
46.24
53.82
55.47
50.69
53.44
53.21
51.79
47.36
36.24
37.74
45.13
46.18
57.48
55.52
51.79
55.9
56.97
52.72
49.69
49.81
48.44
45.82
37.65
40.48
40.51
45.48
51.48
40.84
41.45
36.67
33.73
42.42
40.27
47.92
55.49
67.78
52.51
43.24
32.68
30.7
24.71
17.71
14.48
13.87
21.73
24.78
22.63
25.74
26.51
26.96
32.39
34.78
33.41
36.02
34.6
36.25
37.06
23.04
8.15
27.01
24.35
22.09
29.56
50.98
45.97
39.81
42.23
31.06
31.33
32.6
35.93
26.39
30.05
33.14
39.29
42.22
37.74
36.41
34.98
33.23
36.08
44.84
49.15
54.51
50.5
47.84
35.62
35.17
36.48
25.68
26.27
15.64
20.06
15.41
15.07
23.21
73.68
70.78
65.75
65.08
63.4
59.27
3.621
28.83
36.97
33.35
36.51
41.9
40.03
45.44
48.39
46.3
39.99
42.59
24.55
24.96
36.66
38.5
44.48
39.38
34.56
20.73
6.121
12.28
15.67
23.12
17.94
24.44
26.94
21.86
24.68
17.59
26.88
18.39
6.711
9.39
7.917
6.118
6.671
7.71
8.57
6.185
8.04
7.588
8.69
7.513
8.85
6.334
4.893
6.379
6.183
5.01
4.554
3.114
40.03
40.19
45.2
43.38
42.47
65.49
67.03
75.91
63.11
75.2
57.1
59.75
81.6
72.13
69.18
76.59
64.56
58.09
38.32
38.91
41.46
41.33
48.15
66.49
54.02
63.97
54.85
68.12
74.48
60.55
46.7
86.5
81.2
79.88
70.04
70.62
73.68
71.29
71.62
64.08
65.78
65.58
71.94
79.91
72.37
67.01
67.32
62.73
52.55
55.6
51.35
47.07
49.55
34.77
36.51
27.29
26.76
30.15
37.91
25.5
45.12
41.03
47.04
52.5
55.63
70.79
71.12
65.38
70.58
70.12
63.96
57.7
48.91
37.38
32.4
33.14
22.94
15.03
25.79
28.9
31.96
15.06
21.56
18.07
15.54
20.72
21.68
19.88
23.8
33
28.11
23.57
19.13
20.37
11.61
13.29
26.53
28.61
26.22
27.23
21.55
16.03
14.12
11.47
16.71
13.83
17.77
23.48
32.42
37.65
33.73
33.35
34
35.76
33.83
27.85
29.36
25.69
26.47
28.42
26.23
27.5
31.67
32.17
40.12
34.35
25.32
17.87
16.12
16.62
29.81
26.89
34.1
36.52
36.53
38.24
34.52
33.68
35.77
33.25
33.45
28.63
21.74
27.81
29.49
33.24
32.09
38.52
36.12
16.41
7.37
7.547
6.673
10.52
8.37
7.296
7.016
7.196
9.03
6.947
6.6
8.51
6.935
8.64
7.549
5.641
9.27
8.12
8.68
7.566
7.245
5.775
6.99
8.07
6.076
6.881
7.192
7.03
7.046
8.23
6.31
8.11
8.59
8.09
6.935
7.204
7.552
9.91
9.95
10.69
9.7
7.721
4.562
9.43
7.08
6.372
6.966
8.03
8.21
9.4
8.16
8.91
9.52
8.02
8.11
7.153
9.48
7.61
6.663
9.59
7.97
8.38
9.82
7.695
8.75
7.366
4.597
4.253
6.2
5.788
3.259
1.704
1.821
2.8
1.112
3.029
6.052
6.82
8.1
7.552
9.64
8.26
5.288
8.14
3.415
3.401
2.194
1.822
6.336
4.136
3.657
2.602
5.208
3.295
1.329
1.899
1.064
1.616
3.059
4.127
7.185
5.459
7.973
8.36
7.901
7.467
8.2
8.36
6.898
6.149
8.8
7.19
7.243
6.86
10.54
9.2
7.183
6.857
6.539
7.1
8.41
6.226
8.41
8.45
5.835
6.045
6.897
8.49
11.97
11.75
15.66
17.67
12.17
13.72
14.11
11.77
11.29
6.711
7.927
10.17
10.9
10.41
10.12
9.7
11.32
16.1
8.18
10.4
9.68
13.94
10
9.48
7.453
6.582
7.65
10.69
1.858
6.862
3.589
3.651
4.686
9.86
5.889
4.829
2.729
3.376
4.729
2.425
3.347
6.68
3.604
1.71
4.901
2.907
1.442
2.254
1.423
4.157
4.273
1.784
2.549
1.807
2.513
1.892
2.021
5.21
2.915
2.039
4.645
4.044
4.152
3.158
4.953
8.06
10.01
8.44
8.08
10.12
9.29
7.437
8.29
8.48
8.39
10.68
7.243
9.07
8.28
8.67
9.25
7.864
6.08
7.863
10.37
8.07
10.06
9.96
8.08
10.57
7.392
9.87
9.65
9.7
9.22
9.87
6.107
9.57
9.23
26.38
32.57
30.17
33.87
33.35
22.94
30.75
32.59
40.9
43.79
43.66
43.18
43.46
37.81
38.32
34.6
32.35
39.44
38.64
35.97
45.12
43.86
44.65
43.91
40.18
38.8
37.98
34.16
34.55
35.71
34.51
36.18
36.16
33.91
33.48
33.83
31.27
28.93
33.43
25.36
17.79
16.69
14.99
25.14
45.14
44.86
45.2
36.8
33.06
39.69
44.98
45.04
49.26
43.85
39.18
21.58
32.09
43.67
51.96
52.66
45.67
58.83
68.81
68.91
64.91
65.99
65.65
63.85
66.16
59.25
60.77
61.61
47.39
55.27
59.16
54.05
61.46
65.73
78.08
88.3
88.9
81.1
66.26
63.12
60.1
55.26
49.86
60.33
65.72
61.77
58.86
63.75
63.77
62.67
68.14
73.71
71.6
70.49
70.45
67.94
68.49
78.07
85.6
83.3
86
90.5
91.9
89.3
93.4
93.6
92.7
78.1
70
66.68
68.26
59.99
53.92
54.98
10.59
10.38
8.6
11.12
26.21
27.73
21.52
44.79
46.34
50.25
47.88
54.24
54.99
48.63
42.85
50.58
31.15
21.14
15.42
23.13
28.77
36.25
18.49
11.05
20.21
14.76
23.41
12.77
14.11
12.29
16.32
23.01
22.2
20.12
21.12
15.32
11.3
11.56
8.98
10.98
9.44
10.25
8.92
11.35
8.97
9.75
7.138
7.962
5.588
13.16
11.82
7.956
9.45
7.687
13.11
13.16
10.7
10.49
24.06
19.69
15.81
15.01
13.09
8.19
14.26
10.23
11.59
30.89
22.5
28.88
6.213
7.787
6.825
5.629
6.455
10.66
6.948
6.152
9.61
8.57
8.53
9.27
5.232
5.79
4.757
8.7
7.624
9.9
9.81
9.89
7.83
9.77
9.76
11.15
7.786
4.491
3.673
6.912
7.229
9.34
12.39
15.56
12.38
5.014
6.033
23.34
15.52
20.43
29.94
38.7
34.09
40.47
41.15
42.33
43.88
47.63
46.9
50.81
51.68
47.31
43.55
40.7
39.24
34.65
35.54
37.48
40.06
34.12
35.07
33.23
29.27
29.11
30.12
33.08
31.84
33.95
36.29
35.83
36.56
38.53
32.72
29.13
31.64
38.5
30.95
36.71
43.47
32.94
30.25
30.17
32.25
21.02
17.85
16.41
17.42
25.12
18.77
13.18
15.8
11.89
15.53
36.8
39.42
40.94
37.71
20.76
15.18
20.85
20.66
26.8