10.47
13
7.053
8.61
20.72
10.94
7.431
6.888
10.83
8.44
8.09
11.69
5.366
7.206
14.43
13.11
7.173
8.43
12.67
19.36
23.33
17.3
18.95
13.27
5.828
5.89
5.601
7.377
8
8.75
12.77
8.45
18.12
25.37
26.22
28.35
28.4
33.25
25.33
21.68
19.5
15.78
16.34
14.26
11.11
12.85
13.15
9.41
8.26
6.294
4.718
14.09
16.05
19.38
18.89
18.13
12.23
10.12
13.37
12.3
12.14
11.17
14.43
16.15
20.16
18.65
19.32
18.15
19.14
16.31
14.12
11.99
14.67
10.89
8.16
7.505
6.511
8.92
7.83
6.928
5.669
7.047
4.064
3.821
6.802
21.76
18.39
17.96
18.66
18.04
15.78
16.36
13.48
13.85
16.39
13.05
14.36
12.3
15.8
16.43
16.34
20.11
12.93
17.26
18.75
14.5
7.982
6.686
9.35
12.16
14.53
29.23
25.8
30.56
24.71
27.58
16.61
17.61
22.84
22.05
27.26
25.54
30.54
26.88
24
29.05
31.82
26.65
27.76
24.87
24.08
24.97
24.39
15.6
17.73
18.22
16.53
15.4
14.19
23.19
26.79
33.38
30.97
29.07
36.6
34.03
33.74
23.07
24.98
32.65
35.99
30.99
27.61
27.84
28.19
17.4
16.03
19.73
12.65
18.93
16.24
22.19
26.43
27.16
24.91
17.2
16.52
17.59
23.54
20.5
12.09
5.698
11.25
14.36
9.22
10.39
19.58
18.61
7.547
7.128
14.64
8.99
13.44
20.22
22.3
14.46
15.67
25.42
27.52
29.29
21.9
18.46
15.54
21.07
25.83
25.13
23.18
26.13
25.01
21.16
22.27
25
28.26
25.05
26.35
19.84
25.97
27.38
27.62
29.09
26.08
23.56
14.29
11.06
9.33
14.65
17.44
18.52
27.14
26.36
21.17
21.27
14.62
5.669
11.78
13.66
18.94
16.58
15.08
12.56
18.2
15.4
16.53
17.54
14.36
13.48
16.72
14.31
15.03
15.69
14.94
17.37
22.97
15.06
14.72
20.49
13.81
16.05
17.79
14.56
13.32
13.83
7.061
8.73
6.665
9.01
13.81
11.67
10.16
7.393
11.95
14.44
15.75
8.59
9.73
9.87
9.2
8.8
25.68
29.9
24.33
20.2
20.16
17.41
16.34
19.72
16.22
20.57
21.32
18.13
13.43
13.56
21.42
29.76
35.39
36.72
24.38
14.54
13.37
16.23
19.78
16.05
18.45
11.34
10.54
18.13
20.98
20.76
19.18
16.57
18.54
13.48
11.84
11.84
18.75
16.08
20.61
22.64
20.06
24.69
17.4
19.47
19.35
20.06
14.79
13
18.11
18.41
19.98
24.72
25.11
18.86
16.92
20
25.58
30.62
34.04
31.3
33.69
35.7
32.95
33.37
37.42
35.92
33.98
32.47
29.36
28.67
26.73
29.08
25.68
24.84
19.32
14.86
15.06
12.29
10.93
8.8
9.5
8.82
11.23
8.47
7.765
8.81
12.73
9.05
4.119
5.07
7.131
6.412
14.18
10.5
8.89
5.193
27.36
20.93
35.16
26.19
16.65
7.348
1.89
6.021
5.264
4.926
8.07
14.2
30.45
20.41
23.14
22.85
20.9
23.05
16.14
21.22
15.22
12.64
14.19
19.72
21.26
18.22
18.76
15.13
12.62
10.54
6.37
12.39
13.52
10.74
4.526
15.96
8.38
9.95
11.28
9.68
7.099
10.36
7.584
6.363
20.78
15.38
6.604
6.937
6.855
7.088
6.351
7.4
8.52
11
7.072
9.64
5.847
5.721
7.224
4.093
6.44
9.02
8.37
8.9
14.42
18.57
17.78
17.52
20.1
23.46
25.3
21.46
28.86
21.39
9.49
19.78
17.35
10.69
10.47
9.09
11.31
14.05
14.55
14.56
15.92
16.02
14.06
10.97
2.441
1.354
1.294
8.87
5.728
3.939
3.298
17.12
19.87
10.43
26.72
32.26
37.82
30.4
21.87
21.66
19.96
23.6
19.65
14.88
13.69
16.4
14.29
17.62
10.63
9.76
11.77
6.924
10.96
17.47
16.96
13.88
13.84
3.328
10.44
14.13
15.87
17.04
13.52
11.7
11.64
9.21
8.95
10.25
9.21
9.08
10.65
7.858
5.926
14.43
17.88
15.18
7.578
6.453
2.332
5.18
3.859
6.483
9.4
18.75
29.43
35.77
36.84
41.55
38.54
42.84
41
38.15
38.75
36.18
32.45
25.81
18.39
13.39
12.2
9.17
14.34
20.47
17.74
13.82
12.2
8.44
9.68
12.28
9.94
7.334
5.761
12.76
13.57
11.27
6.729
7.9
12.58
13.21
18.86
15.2
26.94
27.19
12.17
10.59
25.45
34.01
42.68
44.04
41.78
42.68
45.18
41.68
36.43
34.79
31.19
31.22
26.37
22.11
16.46
20.88
19.82
20.79
11.64
10.39
6.551
15.79
12.31
8.7
12.27
11.99
13.05
15.8
10.62
12.06
16.8
17.07
14.24
8.08
7.247
7.829
8.83
8.49
9.4
9.44
13.14
12.88
11.57
8.46
12.41
7.433
9.75
7.678
8.98
8.88
9.43
23.07
19.91
20.04
22.31
17.01
22.83
19.63
21.28
14.9
24.64
26.43
26.16
22.71
19.01
18.21
18.28
27.75
16.54
23.49
22.99
24.83
18.91
25.61
27.69
24.9
18.01
10.46
12.19
16.29
21.63
14.8
16.16
13.58
16.51
17.68
18.87
23.83
18.47
20.23
18.07
19.13
20.54
12.4
1.455
3.438
2.613
4.676
2.757
5.495
10.99
7.598
5.579
3.258
7.658
7.188
7.639
7.001
6.768
6.215
5.268
4.487
7.845
8.52
8.59
8.93
7.611
5.33
1.724
5.073
7.752
6.204
3.182
5.757
8.42
9.76
15.71
14.04
14.49
14.03
15.01
11.87
8.45
11.48
9.8
10.06
5.15
9.19
15.53
10.57
10.66
7.464
4.785
6.577
6.824
4.544
6.053
7.239
7.367
5.981
5.098
5.382
4.814
6.901
7.626
9.14
4.861
9.77
13.75
16.48
11.12
13.04
16.15
16.83
22.52
24.09
23.07
20.73
19.62
19.92
18.04
16.87
13.96
16.45
19.42
18.75
16.65
11.68
11.53
7.287
5.847
6.777
8.39
11.24
7.153
4.946
7.438
8.57
7.136
5.37
10.89
19.95
20.49
20.6
9.47
9.95
4.57
12.91
16.14
11.37
24.17
26.21
30.98
29.66
20.95
30.41
33.38
37.37
26.34
15.99
14.78
6.774
9.44
8.99
11.44
13.43
8.57
26.42
26.36
22.86
18.47
15.61
15.17
11.65
14.39
13.63
15.61
13.49
22.58
16.87
11.47
10.88
8.1
10.98
7.25
3.215
8.16
16.67
10.83
7.926
11.36
12.26
17.19
14.02
16.19
21.31
11.13
4.521
7.933
9.85
6.275
13.29
13.56
18.06
14.58
17.09
15.52
15.27
14.84
14.2
15.37
14.05
11.26
17.8
28.19
34.34
39.4
34.13
33.12
23.34
15.65
20.67
20.84
18.06
14.4
17.58
23.94
26.88
30.99
28.02
27.2
13.02
22.93
17.25
28.08
17.19
11.25
5.467
7.003
13.54
13.36
14.54
12.89
14.35
14.34
15.78
16.33
16.01
15.46
15.04
13.1
22.2
15.18
18.59
12.24
12.39
10.17
17.31
9.64
12.08
14.4
20.18
14.76
10.73
7.523
10.69
14.23
13.58
10.38
10.09
11.09
11.9
12.5
16.22
16.57
9.72
11.58
10.48
9.41
12.24
12.12
11.75
7.24
7.282
6.979
8.84
5.829
5.004
3.918
7.993
15.48
12.48
8.29
6.881
13.32
9.39
5.191
13.61
10.15
12.6
7.462
16.31
7.849
16.1
13.96
10.66
17.5
13.5
13.41
9.8
6.958
7.948
6.904
5.5
4.642
6.478
4.542
6.747
6.074
7.838
8.61
8.91
6.79
14.08
8.09
5.527
11.23
10.62
6.951
4.159
3.111
3.195
3.76
4.742
8.58
4.902
3.89
6.287
5.476
4.194
2.242
4.628
6.095
7.374
5.432
3.45
5.7
4.244
2.656
1.537
4.323
6.365
5.005
8.13
6.832
5.754
4.142
12.51
13.07
5.291
12.16
15.8
6.677
6.636
14.92
15.22
17.01
20.35
26.9
24.98
22.43
22.95
27.88
19.46
15.07
23.53
30.66
29.9
16.08
17.3
18.47
22.51
21.46
20.86
30.87
35.51
30.97
29.18
29.14
24.82
26.89
31.64
36.62
32.46
30.08
33.14
40.25
33.93
26.54
24.54
19.96
23.1
27.22
27.23
34.85
41.07
30.39
32.66
24.17
24.76
27.21
16.29
20.32
19.11
17.05
11.09
11.57
7.896
6.989
4.414
3.103
8.51
9.44
18.14
12.15
15.44
19.72
23.5
27.09
23.04
19.11
17.91
8.48
11.25
12.93
21.65
23.12
23.13
10.37
3.838
4.429
5.036
6.982
9.08
5.218
3.908
7.519
12.83
5.167
5.63
5.539
2.775
3.829
7.069
7.305
14.45
17.05
16.44
15.11
13.27
12.07
7.598
14.99
17.91
12.91
19.03
15.89
19.87
13.94
8.18
3.739
3.342
4.375
17.46
18.58
11.32
7.324
6.563
6.94
1.855
0.979
3.555
3.985
3.185
1.514
4.036
2.533
2.788
5.915
8.72
9.71
7.352
3.289
2.581
1.566
3.169
3.307
3.809
6.373
5.219
5.195
7.333
7.733
9.52
11.43
11.66
9.76
8.61
3.787
1.598
11.23
20.26
19.26
10.61
2.5
1.568
1.811
2.993
4.021
9.91
8.61
1.57
3.951
1.571
2.301
1.724
2.563
1.961
2.356
3.62
4.512
3.067
7.28
8.54
7.707
8.54
8.41
7.133
6.932
10.43
9.73
7.306
6.691
5.144
6.248
6.742
5.17
4.437
8.06
5.933
8.94
10.27
12.56
8.27
3.22
10.72
14.53
21.56
16.4
15.72
16.3
15.85
16.33
8.47
10.4
4.812
6.828
3.534
6.823
8.55
8.43
6.526
1.235
1.754
3.995
5.429
4.225
2.626
0.439
0.996
2.333
3.346
4.395
2.872
5.49
4.762
7.169
12.22
10.17
13.87
14.1
7.731
9.88
9.09
17.03
15.56
10.2
8.85
10.78
7.604
8.52
8.43
8.55
9.87
9.45
10.9
15.17
16.54
14.76
13.67
13.67
12.93
12.04
9.19
7.004
5.495
6.997
4.043
3.715
0.295
0.518
2.617
0.783
2
0.74
0.731
3.417
5.327
2.901
3.061
1.59
1.99
0.864
0.826
2.59
4.143
2.096
1.27
0.64
2.944
3.363
2.725
2.026
7.848
6.512
3.087
5.566
10.21
9.71
6.392
7.759
10.55
10.87
8.45
10
11.96
12.9
12.88
15.88
13.43
11.59
11.45
8.84
6.908
6.877
5.824
1.567
0.768
3.831
2.674
11.73
16.91
8.05
2.492
15.52
9.82
7.001
14.36
4.22
3.662
6.087
4.153
4.577
12.91
17.89
16.86
16.09
17.01
19.18
18.21
16.76
17.23
13.43
9.47
9.22
8.03
9.01
9.28
10.62
7.391
12.24
12.57
7.72
11.3
16.83
13.73
14.06
14.44
16.64
11.96
11.3
15.09
15.13
9.82
8.33
9.27
7.868
17.67
24.83
25.04
21.36
19.58
16.61
17.78
17.04
15.27
15.52
11.84
14.01
18.7
8.4
9.15
6.447
15.34
20.66
20.28
16.8
16.72
10.52
10.16
11.11
9.68
9.55
12.65
20.82
13.85
17.93
23.65
15.97
11.84
15.99
15.19
12.06
7.499
7.583
12.59
11.21
10.2
8.25
4.426
7.859
7.295
6.128
2.96
3.274
4.249
3.69
6.577
4.537
7.787
14.51
16.91
17.53
14.66
14.8
19.77
18.03
16.8
11.95
9.48
11.95
14.38
20.54
19.98
18.64
16.61
13.29
16.11
16.09
16.78
15.37
9.9
15.93
10.89
14.98
12.22
6.871
7.49
11.15
9.06
11.38
13.61
11.37
9.64
13.06
10.1
12.8
13.53
9.83
6.361
11.29
16.45
16.37
7.51
12.91
13.23
23.83
30.93
24.52
18.23
32.53
41.83
39.17
39.66
37.47
37.59
26.03
22.97
16.05
12.27
8.04
6.101
6.353
7.943
6.712
11.18
11.73
23.66
26.21
24.39
27.04
26.34
26.51
24.52
22.01
20.05
19.46
15.44
17
19.18
20.57
20.96
19.82
17
15.67
11.94
8.74
13.71
14.2
22.35
23.84
25.56
26.93
25.48
20.34
17.54
16.43
15.01
11.35
10.02
7.921
8.06
8.42
8.39
8.6
6.413
6.622
3.273
2.197
7.044
6.789
5.238
5.382
4.826
13.48
20.12
19.4
17.14
18.38
21.94
23.11
20.54
18.19
16.01
13.61
10.21
6.613
7.474
4.238
6.56
4.134
1.411
3.386
1.684
2.863
11.12
14.29
9.53
14.63
9.82
17.68
9.3
6.689
5.937
5.345
7.583
16.09
7.934
14.54
8.13
6.007
6.479
11.12
38.81
36.66
36.56
35.84
38.14
38.11
44.12
36.94
36.64
32.03
22.84
16.04
12.53
17.16
23.1
16.8
16.12
11.46
10.76
8.97
10.46
9.52
13
14.12
17.96
19
21
11.61
14.76
18.88
10.97
17
10.06
17.65
28.56
26.04
16.71
13.7
12.02
27.87
27.96
19.29
20.99
15.89
14.82
14.84
18.03
20.71
14.48
12.81
11.2
13.88
11.63
17.57
17.19
18.73
22.09
15.74
12.76
11.25
16.28
21.92
15.43
19.46
23.79
24.71
17.59
9.33
8.45
7.76
8.26
7.919
15.14
7.765
9.1
13.25
14.04
11.26
10.43
12.28
12.56
10.2
17.75
15.24
18.26
26.67
22.37
13.81
23.09
27.54
31.14
26.69
24.71
24.09
21.79
14.8
14.58
8.85
7.914
9.06
14.48
6.365
7.284
8.1
3.709
7.326
10.92
13.84
17.46
15.9
14.46
18.22
15.46
12.43
12.18
9.64
9.97
13.05
16.5
14.55
14.37
10.31
13.32
9.94
15.23
17.08
17.27
15.15
21.59
22.44
24.31
24.86
23.91
25.64
29.15
30.16
33.9
31.23
32.14
34.85
34.36
34.89
25.68
28.08
28.29
28.2
24.56
24.49
24.92
23.49
22.6
24.48
21.85
19.47
16.4
15.07
14.95
11.24
16.48
14.81
16.36
16.3
16.92
16.51
17.36
16.52
16.01
10.95
5.263
11.4
9.49
12.68
12.71
22.85
26.42
28.6
25.34
22.33
22.86
19.57
18.9
16.14
18.53
14.57
11.03
23.5
21.12
9.91
11.8
20.62
27.05
28.89
33.2
34.78
27.6
16.16
20.73
25.58
31.84
32.79
30.19
16.94
15.76
9.78
6.132
4.111
8.88
8.64
8.85
5.84
6.014
6.481
10.1
9.94
10.34
10.84
10.31
7.836
7.843
2.784
1.461
2.332
0.422
1.439
0.489
5.009
7.614
6.539
7.941
9.34
12.99
10.11
7.023
7.19
7.052
6.678
7.045
8.26
7.982
7.511
10.29
11.88
10.78
8.03
8.79
12.39
15.88
15.95
12.56
8.87
14.26
10.67
7.633
8.39
8.72
7.858
17.84
8.66
15.48
12.5
8.34
7.884
14.66
17.43
19.08
15.79
10.55
7.588
3.194
3.239
0.975
1.796
5.231
4.724
6.024
7.035
7.443
8.31
8.91
9.33
11.1
7.564
7.199
7.329
8.71
8.58
5.842
4.385
6.692
5.957
8.32
5.867
7.281
8.59
11.57
11.34
10.77
11.7
13.79
10.08
9.6
17.68
18.78
17.34
17.18
15.21
14.77
12.71
11.33
10.94
10
9.72
11.07
11.68
11.23
8.74
9.1
7.541
5.066
2.865
4.056
3.396
1.079
1.181
2.161
2.327
3.373
11.52
9.43
7.211
11.03
11.95
8.87
7.972
14.66
24.65
29.77
29.09
32.74
18.38
17.03
14.18
18.77
28.19
30.06
28.57
29.78
37.42
39.48
41.16
34.09
36.22
43.21
44.02
38.66
25.92
17.76
31.47
39.05
41.26
45.18
44.69
29.3
37.18
39.86
37.77
37.82
34.41
26.33
29.08
28.66
27.64
29.33
31.79
33.92
30.3
27.06
32.48
37.47
41.67
23.36
9.75
10.46
9.09
10.23
8.89
10.83
3.917
6.304
8.13
6.44
8.07
7.329
8.64
15.62
22.4
8.83
10.21
15.55
16.42
17.15
16.62
16.87
17
16.27
15.28
15.43
13.8
13.81
12.39
9.75
4.047
6.598
6.658
5.146
2.053
4.573
3.402
3.621
2.256
0.572
4.276
3.102
4.195
1.855
5.375
7.49
5.37
6.275
5.397
6.442
3.997
8.27
11.81
20.46
24.55
26.97
24.71
29.4
27.93
32.72
17.32
13.03
21.27
21.25
12.59
9.03
12.42
13.03
8.16
33.47
29.34
27.84
16.46
20.63
17.72
13.95
20.12
10.69
17.94
16.75
12.4
4.296
6.292
5.249
12.18
13.22
20.9
23.49
27.85
22.94
30.29
24.68
30.44
30.4
33.85
34.91
35.05
37.37
30.08
26.02
30.77
23.92
21.55
22.28
18.82
15.88
15.73
16.65
8.55
7.121
12.38
8.7
13.03
8.68
12.62
9.76
15.93
19.83
17.47
16.14
13.65
9.26
8.28
14.63
13.7
15.57
7.918
18.66
18.41
9.12
9.85
13.6
11.83
6.107
9.61
6.074
8.17
7.085
6.906
21.92
27.3
10.79
12.82
7.674
7.649
10.63
10.48
10
9.64
8.97
6.493
25.3
40.32
40.95
37.99
24.49
16.92
8.66
23.44
22.01
16.96
18.49
13.73
10.7
18.7
22.25
22.72
17.81
14.38
14.33
15.85
11.32
11.99
15.07
11.8
12.83
15.77
14.68
18.57
15.51
16.8
32.96
35.99
31.71
19.46
23.55
10.72
12.23
30.64
35.84
31.46
34.21
39.28
34.78
30.85
26.81
28.95
29.25
32.73
31.83
32.79
53.53
32.83
30.64
27.73
20.64
25.9
32.46
35.44
35.65
26.34
23.46
23.49
30.77
28.61
29.05
31.01
32.53
26.72
25.87
28.02
25.51
20.13
21.99
15.95
14.07
22.42
24.66
33.21
36.42
33.45
24.74
29.67
29.99
23.32
21.43
14.72
25.79
32.6
13.56
16.55
11.49
19.01
26.83
36.79
40.54
39.88
30.93
27.78
23.01
24.7
25.77
27.62
32.89
34.98
37.12
33.3
34.27
35.33
30.92
21.42
18.74
18.72
27.6
28.26
22.57
20.71
18.22
17.88
12.54
16.42
20.83
28.61
30.41
31.56
31.64
26.69
15.66
14.54
11.65
11.28
8.68
15
17.26
24.02
22.3
18.59
16.53
11.98
11.57
11.48
12.72
19.28
21.98
34.31
24.6
22.72
25.53
24.56
20.05
25.65
25.97
23.04
19.29
26.69
25.6
19.42
23.74
20.81
21.42
25.43
21.54
27.48
26.71
15.74
29.04
46.59
41.9
42.21
45.02
41.2
37.79
37.44
42.39
34.55
45.25
49.99
50.24
44.61
36.96
32.57
31.26
33.86
49.05
55.85
72.54
52.16
59.2
64.61
55.11
35.76
26.48
26.13
27.89
27.63
27.73
34.52
38.18
27.92
19.24
27.7
37.37
45
47.06
43.88
43.31
40.73
39.29
26.34
14.87
14.54
11.05
8.23
14.24
12.63
14.43
18.41
13.57
20.76
26.25
35.62
27.31
36.19
32.4
38.89
37.97
36.31
37.63
30.72
29.58
27.14
30.52
31.31
13.54
11.64
11.82
24.57
21.39
21.17
19.3
22.82
24.63
28.66
25.16
24.09
25.26
36.02
39.26
42.58
35.56
32.26
28.51
20.26
21.58
23.21
18.6
15.69
13.16
8.7
12.48
15.82
16.23
16.61
12.26
7.468
4.435
3.823
1.949
1.763
0.514
4.373
4.18
5.989
13.5
11.72
3.219
4.344
5.16
4.925
7.702
7.917
3.631
7.108
3.283
1.299
5.333
4.734
3.802
4.898
5.933
7.394
3.189
7.722
9.08
13.01
7.553
4.708
3.462
4.72
9.57
16.23
14.48
9.15
12.1
10.23
4.484
3.503
5.347
5.01
2.372
2.592
3.113
7.421
8.52
6.171
6.141
5.902
6.399
7.606
11.61
17.6
16.26
12.26
9.88
6.694
6.771
9.11
8.85
9.59
6.25
8.17
6.752
6.861
8.84
8.26
12.13
9.57
6.844
3.672
6.388
4.662
5.83
4.473
3.926
13.68
15.07
13.66
13.74
14.94
13.4
8.69
6.493
3.412
6.468
5.639
8.01
13.01
9.21
6.718
6.239
4.44
1.687
4.981
11.39
3.539
7.034
4.253
4.275
1.675
1.788
1.906
7.84
11.25
3.276
5.994
14.26
15.77
14.63
22.96
25.36
33.55
30.48
32.28
33.86
31.76
30.29
26.05
22.11
25.93
27.33
15.92
7.618
6.163
11.64
9.92
16.27
13.38
14.02
17.99
25.74
23.22
22.89
22.78
19.73
17.93
15.29
11.5
11.94
7.879
14.8
7.54
10.68
17.77
21.8
20.4
21.14
19.04
15.17
22.38
28.89
25.79
31.29
31.5
29.55
31.97
34.73
35.5
32.14
31.3
28.89
26.49
29.45
31.37
32.55
34.77
32.86
35.2
31.13
30.38
28.81
26.2
28.92
28.83
24.15
20.33
23.19
21.8
25.46
21.06
20.62
24.76
23.28
21.74
22.51
22.38
23.85
22.44
29.83
31.35
34.27
34.12
35.28
34.21
38.42
41.28
36
33.87
39.9
45.57
45.92
45.28
42.34
45.76
49.61
39.13
23.37
9.23
8.82
12.03
11.23
9.12
8.97
8.99
8.84
17.19
15.34
12.05
16.11
18.38
14.31
8.17
13.4
8.31
5.656
11.43
9.07
10.64
8.01
11.92
13.92
13.98
17.09
20.4
22.32
25.4
10.5
7.502
7.736
16.68
25.5
23.4
21.02
14.15
13.47
11.17
9.4
12.95
11.6
15.7
13.5
11.19
5.816
9.74
8.83
5.41
10.09
6.713
8.15
9.56
10.78
10.91
10.74
11.49
12.76
10.53
8.34
9.34
10.76
12.2
11.43
10.56
12.09
10.35
5.555
11.64
17.55
15.67
14.33
21.18
16.83
22.19
20.2
15.53
11.47
6.569
7.96
6.526
7.488
9.56
8.46
6.832
5.915
7.373
7.371
10.85
11.07
9.51
12.56
12.8
9.6
11.12
7.975
10.59
10.69
12.3
14.92
13.05
8.56
10.5
15.25
8.57
12.63
17.16
16.76
19.72
19.34
20.19
11.31
7.968
9.29
8.81
10.41
6.401
6.756
5.126
7.446
6.092
4.172
9.18
15.29
12.78
13.25
12.34
11.11
14.09
13.1
17.89
9.21
7.876
6.465
6.98
9.17
6.82
11.93
15.93
14.52
15.95
10.82
13.53
10.9
9.15
8.61
13.51
20.5
25.82
28.19
29.21
30.96
31.92
31.78
34.27
31.85
30.05
26.95
32.72
31.17
32.8
34.03
35.65
27.67
16.67
21.68
15.48
15.72
11.4
12.2
16.04
25.78
32.9
29.18
30.84
17.9
18.6
14.79
8.48
26.09
26.07
27.64
26.95
20.58
8.33
11.29
7.089
7.517
3.63
6.288
6.558
7.176
14.81
9.48
7.391
7.131
9.07
11.28
6.869
9.09
11.5
6.541
10.79
9.35
13.67
14.69
8.87
17.44
17.76
20.39
20.85
26.14
21.43
20.87
17.79
17.52
17.75
17.31
17.44
18.36
16.41
17.02
21.88
23.78
12.7
12.04
7.505
7.787
7.623
13.58
18.63
14.45
8.62
8.78
9.56
10.28
8.54
8.18
7.821
8.57
7.833
6.561
7.271
7.178
7.002
3.195
7.144
8.81
7.481
9.06
8.3
10.33
9.73
10.56
13.92
9.43
7.118
8.18
9.32
9.22
4.511
7.347
10.23
9.98
8.76
2.165
10.9
11.41
13.04
11.11
15.3
4.382
6.233
5.121
6.236
9.35
8.04
9.67
5.03
9.44
6.827
8.25
7.067
6.438
8.48
5.662
10.79
6.339
7.959
4.254
4.403
6.507
5.052
6.067
7.606
7.623
8.17
8.87
11.46
7.252
6.401
8.06
8.72
11.63
11.04
9.64
7.736
7.943
9.38
8.75
9.28
10.12
4.947
5.434
4.3
7.412
4.142
9.11
12.12
8.83
3.387
4.676
3.429
7.381
5.279
8.74
3.498
6.44
5.153
8.93
6.709
6.469
6.01
4.448
5.665
2.968
3.962
4.506
2.479
1.439
4.049
1.805
2.323
1.647
2.101
3.411
5.528
6.069
6.856
8.06
7.752
9.11
7.469
9.51
4.635
7.716
8.58
9.7
11.06
12.75
8.98
9.26
4.139
3.42
4.543
4.426
7.05
6.725
6.288
4.953
1.531
1.3
0.765
0.725
1.195
2.699
1.733
2.975
1.744
3.613
1.345
1.233
0.76
0.244
0.076
2.826
1.191
3.749
1.367
2.253
2.572
1.312
6.075
10.26
11.79
8.04
26.77
35.69
37.79
40.29
37.03
35.83
32.61
32.39
30.19
26.4
16.94
12.4
15.09
16.09
18.42
10.64
6.71
3.16
5.399
17.14
27.88
16.61
4.75
5.739
9.38
5.212
6.914
3.842
6.148
9.88
11.06
10.55
12.04
9.77
7.788
7.408
6.247
4.685
7.957
1.476
3.631
9.79
18.96
10.18
12.04
17.41
29.87
30.01
28.87
22.4
15.35
19.03
17.02
14.71
15.93
26.99
26.29
29.83
29.7
29.92
26.19
20.28
24.34
16.97
12.54
17.5
15.99
26.62
31.92
29.61
24.05
20.7
9.97
9.99
7.361
9.89
16.3
13.27
19.84
29.22
38.45
37.41
23.16
15.86
17.61
20.05
13.42
17.37
11.68
24.34
32.23
26.99
14.46
12.47
9.83
7.73
11.11
13.66
23.53
25.61
21.48
26.28
25.89
23.06
14.57
19.53
13.34
14.92
15.65
14.32
15.99
16.85
23.5
24.53
27.17
28.16
28.56
34.12
28.79
18.32
21.88
17.35
21.15
16.04
12.22
7.384
8.41
8.03
4.656
6.981
6.211
6.327
8.26
5.128
8.33
8.3
7.797
8.18
7.256
6.656
8.42
10.15
9.57
7.453
15.23
14.58
16.28
16.3
12.63
8.38
6.269
7.736
14.98
13.46
10.9
8.31
7.24
5.046
4.639
2.165
1.214
4.527
8.51
10.18
6.668
2.067
2.387
2.293
4.218
5.518
5.799
5.081
4.473
4.054
5.197
3.799
5.189
1.375
3.601
1.024
3.293
0.559
2.847
2.933
2.627
1.978
1.577
4.335
7.938
12.79
24.06
15.19
20.67
19.09
16.77
10.9
16.29
18.16
15.59
7.793
14.9
10.92
16.91
17.64
23.22
19.57
14.28
15.04
16.04
17.27
21.29
20.9
14.71
15.5
13.32
10.28
15.35
15.19
13.93
15.31
23.29
19.04
23.26
12.41
18.53
21.41
13.34
7.415
8.06
9.38
6.062
9.05
6.444
6.893
8.03
9.75
7.742
8.76
6.671
7.988
13.13
9.21
11.61
7.156
10.19
11.31
7.642
13.46
9.86
12.33
18.84
12.5
7.919
8.51
12.53
7.194
9.01
11.05
9.7
7.933
8.63
8.12
11.44
9.92
10.83
10.65
13.93
11.85
10.56
10.01
8.76
9.33
7.936
6.217
7.994
9.11
9.05
7.847
10.61
10.33
10.37
10.19
10.15
10.46
11.96
9.55
10.75
9.71
9.34
11.27
10.49
13.43
8.88
9.06
7.366
11.85
15.47
22.12
30.66
29.35
21.53
12.55
15.67
15.09
15.19
13.71
11.1
7.656
7.277
8.51
10.32
7.375
10.31
9.13
9.53
8.71
10.79
9.21
8.69
10.55
9.81
7.749
8.71
9.67
10.39
8.22
11.32
11.56
10.88
10.35
9.63
9.97
9.49
10.42
13.97
10.96
9.18
10.19
12.28
21.14
24.7
25.39
17.7
26.11
23.79
18.99
24.24
21.35
18.78
13.22
13.92
6.112
5.834
12.37
11.9
11.77
6.758
8.04
6.053
6.522
7.968
8.06
6.911
8.05
10.45
10.72
9.85
7.218
6.692
7.159
5.771
7.153
10.66
5.909
9.05
6.327
6.411
2.527
6.13
5.05
6.372
6.231
5.615
4.794
7.857
7.197
9.32
7.174
10.85
20.09
17.09
16.17
16.56
20.35
22.23
24.28
26.37
25.29
19.31
17.66
5.45
12.11
10.96
14.34
3.642
3.122
3.684
8.78
5.106
6.011
6.967
11.38
8.26
7.139
10
9.34
22.04
15.9
9.57
10.65
16.95
16.72
20.81
19.57
12.01
20.26
19.44
21.21
29.3
18.04
15.63
21.87
16.88
14.95
15.98
12.18
10.27
9.58
19.22
9.54
9.21
16.02
29.21
35.5
21.67
22.67
33.8
53.33
59.24
47.02
53.81
54.21
52.72
48.47
46.06
40.29
34.78
42.36
38.28
42.4
49.43
55.22
52.85
56.96
47.51
48.34
48.15
41.94
33.69
39.02
44.35
49.99
55.45
60.1
58.93
60.21
58.04
54.01
54.91
57.18
56.85
59.14
56.2
54.94
50.82
44.66
41.83
43.02
37.23
39.8
35
30.57
32.19
20.53
29.94
27.19
28.69
28.85
27.32
23.71
14.79
12.16
15.38
15.23
19.49
20.89
23.17
22.31
31.94
33.49
32.24
32.83
26.63
25.88
25.24
29.44
29.3
40.17
46.29
40.22
34.04
33.09
29.25
32.47
31.4
43.28
40.28
37.55
35.53
33.16
33.94
23.41
27.16
28.34
24.99
26.18
28.94
33.62
32.9
44.97
57.93
40.4
52.67
52.88
47.39
47.29
48.3
50.03
50.58
49.79
43.41
37.51
37.52
32.2
43.15
49.41
41.65
44.67
48.03
49.97
36.72
34.42
41.95
41.07
44.9
39.13
46.36
33.45
25.83
12.12
16.59
16.85
13.21
20.46
19.86
19.51
18.57
18.88
16.4
13.15
15.52
16.54
16.78
12.54
12.41
13.6
14.67
13.33
15.76
13.82
19.67
29.74
28.76
23.7
23.8
33.56
30.09
36.83
39.94
41.24
29.34
34.82
39.71
42.43
44.87
44.12
41.79
39.86
38.5
42.46
38.76
39.02
37.88
31.31
30.61
13.2
4.195
5.135
6.515
10.2
7.165
6.292
8.36
7.354
10.65
14.75
19.01
21.72
16.25
17.16
13.31
12.32
10.1
7.289
10.15
11.88
8.97
4.982
9.41
4.314
4.926
7.442
5.193
6.761
7.394
6.431
5.386
6.212
8.21
8.59
9.14
7.245
7.717
6.639
3.965
6.487
5.124
4.783
6.262
7.598
6.339
2.306
3.234
7.396
6.654
5.32
9.22
7.704
6.846
14.9
14.71
12.35
6.009
6.56
6.872
6.822
7.646
4.434
12.09
9.77
10.84
9.55
13.21
10.88
8.18
9.51
8.86
6.422
2.997
3.662
8.39
5.453
7.205
6.15
6.542
3.278
4.545
8.12
6.298
4.543
4.712
15.03
19.48
21.92
21.1
23.31
25.16
17.19
16.11
13.97
17.81
16.48
19.09
25.02
23.74
16.71
15.58
10.32
17.36
11.31
3.18
7.484
18
17.25
18.44
18.3
13.76
5.762
4.647
3.824
7.715
6.112
4.606
2.173
4.804
3.417
2.892
5.081
5.298
3.227
3.39
4.738
3.958
6.557
4.339
5.11
4.581
5.954
8.3
5.736
7.917
5.93
4.692
4.83
6.845
6.148
5.418
2.694
3.726
15.84
24.05
25.99
18.29
18.23
13.29
11.85
6.347
8.75
10.73
21.63
21.52
13.95
11.5
7.259
8.53
5.995
4.89
4.301
6.955
4.621
8.01
9.69
9.84
9.28
5.41
4.335
5.43
5.723
3.512
6.395
2.766
4.28
1.666
5.833
5.337
7.807
5.642
4.449
5.948
8.32
6.673
6.208
9.19
6.683
10.61
5.379
4.579
5.791
4.031
8.91
10.31
7.086
5.403
8.1
10.22
10.95
11.88
10.04
9.74
8.1
6.758
10.18
6.541
11.97
6.963
7.973
2.345
3.177
2.163
4.103
2.059
2.965
2.558
5.157
7.606
7.883
4.997
9.44
5.252
4.084
4.998
6.405
5.85
7.475
5.737
6.406
5.715
8.18
8.21
10.86
10.66
9.29
10.98
8.8
5.811
5.127
6.507
4.705
5.209
3.956
3.395
8.06
12.11
16.64
13.32
13.85
14.76
12.13
12.98
13.16
12.77
11.38
10.45
11.51
7.649
9.34
4.24
3.338
3.7
2.582
6.154
7.106
10.1
10.91
7.843
6.322
5.224
7.932
18.74
14.91
6.489
42.33
40.54
35.64
32.06
27.13
36.01
39.46
39.01
38.42
30.7
30.34
22.98
27.78
30.22
27.26
26.84
28.43
32.85
29.74
35.19
36.61
40.53
42.17
34.63
28.92
34.26
31.77
27.28
31.85
30.52
30.63
25.67
18.92
11.7
7.484
8.08
7.693
12.29
10.79
6.992
6.775
6.835
11.58
11.04
8.83
11.48
22.98
29.17
25.86
31.13
33.92
33.67
37.31
40.39
36.41
33.72
29.35
33.68
25.86
22.18
21.48
23.02
29.76
31.24
32.95
27.82
27.53
22.44
25.5
20.87
20.33
17.14
20.21
19.14
22.22
20.57
13.85
10.85
6.717
5.913
7.859
8.52
8.26
5.199
8.33
11
16.41
21.85
19.15
23.31
18.97
23.28
6.838
9.43
30.37
19.58
29.95
30.42
33.26
38.11
32.6
36.16
35.66
39.69
36.66
39.56
32.27
27.83
28.26
31.83
35.42
34.11
37.84
28
28.74
25.36
24.85
21.41
20.82
23.66
22.93
21.95
12.36
12.83
10.07
10.78
12.84
16.28
17.46
15.31
13.78
10.74
8.42
11.41
9.05
9.77
9.24
16.72
18.54
16.74
20.76
17.65
12.91
25.84
30.13
35.62
37.68
35.02
36.7
34.69
43.42
43.87
45.9
48.01
44.31
43.83
42.44
37.69
31.11
21.94
22.33
18.45
20.29
18
14.43
23.29
26.13
24.27
12.57
21.69
14.47
9.98
11.56
16.29
22.58
23.63
20.38
18.39
19.73
19.13
14.97
16.32
20.02
13.06
15.03
19.88
21.46
23.48
19.93
10.73
9.43
19.28
22.8
33.26
34.88
27.29
33.59
34.02
38.78
39.89
38.73
31.42
26.27
21.06
26.77
26.89
27.45
28.97
31.86
29.08
27.18
27.58
25.69
20.53
21.03
20.43
22.04
21.53
20.11
19.69
13.17
16.6
9.95
8.33
7.551
5.92
6.165
11.4
11.81
7.804
5.743
4.874
6.968
12.33
20.46
23.51
28.73
26.95
18.67
13.52
18.29
11.48
9.25
8.24
7.948
7.298
5.289
6.847
6.678
4.552
8.38
3.078
6.388
7.554
5.43
8.16
10.29
10.2
8.67
11.06
7.313
8.33
8.31
8.88
7.968
7.632
6.141
4.611
15.12
15.51
16.2
13.36
13.38
15.54
12.1
11.06
9.23
4.082
6.485
3.513
1.624
4.695
4.663
6.506
4.555
4.918
5.32
3.757
5.016
6.511
6.298
7.943
9.73
11.17
13.96
12.68
18.24
28.19
18.66
24.7
33.06
29.95
26.77
18.46
16.02
12.84
13.68
15.78
17.05
16.15
17.01
17.43
17.75
18.91
20.27
18.09
18.17
14.35
15.02
14.39
15.91
16.98
12.65
15.97
9.84
7.116
11.08
10.04
10.54
14.97
21.55
18.61
18.83
18.93
21.51
17.4
21.05
19.97
19.22
12.83
13.02
21.08
21.44
25.56
26.16
20.03
21.2
22.91
18.87
16.82
13.25
17.5
18.62
19.31
15.36
13.69
8.85
11.33
10.56
11.79
7.505
12.11
12.43
12.14
13.37
12.74
11.61
15.41
12.86
11.9
13.87
14.83
12.69
12.78
12.27
11.76
12.31
15.17
13.09
15.43
12.52
15.41
16.29
17.18
14.7
19.69
21.33
23.95
26.5
23.3
23.97
20.81
21.82
16.53
12.96
8.13
8.65
11.42
11.37
15.28
19.61
12.76
13.77
16.6
16.37
18.92
13.61
10.69
13.34
11.42
15.94
10.8
14.58
10.09
11.73
10.16
8.33
8.39
11.46
9.8
12.93
10.39
9.43
5.773
9
9.22
9.22
8.16
10.48
8.63
12.73
6.933
16.33
10.31
19.6
18.11
14.27
10.88
11.37
10.93
7.486
11.98
16.7
10.83
7.289
7.737
8.11
17.09
22.02
18.99
14.45
7.646
10.12
7.427
10.42
10.2
12.96
9.6
8.21
9.92
13.14
13.6
17.78
18.1
22.6
21.1
17.57
23.98
26.94
22.5
20.87
12.36
8.94
7.277
4.515
3.205
4.158
6.363
2.112
2.439
0.564
0.671
2.124
0.559
1.228
0.359
1.319
0.884
0
0
0.306
0.177
0.653
0.779
1.103
1.152
2.611
1.597
3.37
3.213
0.324
1.454
5.349
4.954
4.874
7.1
12.72
12.06
8.66
6.904
3.666
2.774
0.406
3.314
2.09
1.95
0.348
2.592
1.144
2.608
3.646
1.684
5.263
7.692
6.615
3.739
5.452
5.871
5.301
3.758
4.981
2.607
3.452
6.871
5.78
6.561
3.382
3.211
5.336
3.607
4.636
3.955
7.578
13.5
12.13
6.417
16.28
12.85
9.36
7.583
15.67
18.43
16.1
12.52
5.952
8.31
14.39
12.05
11.28
11.74
7.578
5.885
6.338
9.73
18.51
12.85
4.455
4.022
6.558
4.289
3.6
4.172
3.166
1.712
0.385
7.074
2.013
7.198
9.69
9.33
7.708
5.474
3.705
5.037
9.66
10.08
10.28
3.834
7.078
7.949
6.376
5.629
6.543
6.884
7.752
9.55
10
8.59
12.99
8.21
8.17
11.05
19.88
13.03
8.22
7.397
17.48
17.6
13.99
12.14
12.34
10.24
9.44
8.97
9.23
6.899
7.169
6.965
3.429
3.938
5.002
4.993
1.907
0.036
1.511
3.247
3.786
3.703
1.585
3.234
5.73
3.06
3.063
4.24
7.146
6.186
6.6
3.361
5.699
15.81
7.095
7.538
8.64
19.73
11.98
6.198
20.55
23.06
23.57
26.54
23.85
21.5
22.89
22.42
27.48
18.88
14.47
14.22
9.66
9.63
5.342
8.25
5.843
11
20.69
14.2
17.1
12.17
16.62
13.27
14.04
31.76
31.47
32.84
34.43
29.69
35.06
32.21
37.37
35.36
38.21
32.49
26.86
23.64
28.19
27.79
25.24
21.42
25.46
25.08
27.32
23.24
27.98
28.07
22.94
20.57
22.26
20.57
21.22
17.65
15.48
12.25
13.43
11.71
10.72
11.7
12.51
10.16
11.63
10.58
13.06
23.84
31.69
35.62
41.61
39.77
40.94
39.51
35.78
30.63
27.12
24.03
29.69
21.47
26.01
33.3
24.57
32.74
34.55
36.96
34.53
33.55
33.05
31.94
25.73
33.62
31.77
30.51
32.15
35.99
39.16
35.25
33.57
37.26
30.88
26.36
28.85
29.24
33.2
27.53
28.06
24.72
21.85
14.72
18.81
23.16
27.68
24.55
30.45
35.07
38.3
46.57
45.26
40.69
43.02
44.8
48.86
43.8
44.15
44.82
48.8
43.49
38.16
37.74
36.23
39.12
37.68
35.13
36.61
44.53
39.4
34.86
17.69
13.74
14.72
20.99
26.61
22.23
27.4
27.67
32.41
33.26
28.59
21.85
10.29
8.71
7.327
11.3
9.67
8.27
5.568
5.756
2.083
2.705
3.4
3.298
3.335
2.321
3.974
5.522
6.164
16.57
7.767
10.06
4.402
4.336
3.721
3.761
4.123
4.625
3.137
0.738
2.036
7.119
7.41
4.684
6.069
8.59
7.337
10.32
8.57
10.63
8.29
9.66
8.27
10.79
11.12
8
10.48
9.97
5.433
11.75
17.14
19.07
17.73
14.74
11.13
7.574
2.721
3.237
4.635
2.273
4.654
6.505
4.779
4.207
8.59
9.09
3.962
2.654
5.708
13.29
17.72
14.35
6.664
4.458
6.865
4.395
7.501
5.779
2.66
0.791
3.146
1.236
1.248
4.634
7.087
7.883
7.471
6.486
11.08
5.807
6.893
6.754
14.41
22.16
17.32
11.12
13.28
13.81
12.75
9.67
14.83
13.16
9.51
7.372
8.72
10.47
12.6
11.39
9.7
7.829
11.55
11.03
8.04
4.532
3.813
5.422
3.011
5.346
7.916
3.459
1.975
2.942
3.431
5.627
2.459
3.604
1.757
1.177
1.188
1.07
2.686
4.237
4.506
9.19
12.46
8.94
13.82
11.18
9.57
10.29
13.86
13.58
10.29
12.94
17.96
16.6
18.13
17.59
17.2
16.66
15.93
13.79
11.44
10.74
9.77
11.58
6.927
8.53
4.98
11.65
10.35
13.1
13.73
13.19
12.05
9.16
4.868
1.246
2.627
3.791
3.745
4.784
1.852
2.13
0.845
0.302
2.973
2.18
1.506
1.021
1.793
4.213
5.606
9
9.4
10.47
5.901
11.43
7.865
7.256
14.42
21.16
18.62
17.6
14.17
14.25
12.31
12.17
12.33
12.28
11.13
9.7
9.08
5.101
9.92
9.73
8.47
5.95
2.955
2.827
1.527
0.225
1.437
2.683
1.846
5.105
5.013
2.481
2.672
7.351
8.36
6.16
9.93
6.771
4.91
5.503
7.975
7.563
6.878
6.217
9.37
10.18
13.22
16.64
12.22
12.52
8.45
6.844
8.81
8.09
6.532
6.734
7.144
4.51
8.93
14.38
10.93
9.26
7.542
6.21
7.819
9.01
10.59
10.23
9.57
6.865
7.717
8.85
10.24
8.01
9.15
9.06
8.45
2.864
6.389
8.27
2.416
4.789
6.332
2.908
1.492
2.762
1.627
3.709
3.111
5.172
7.489
7.872
4.254
6.346
6.319
8.36
8.79
12.48
9.93
17.14
14.71
16.06
13.5
11.55
9.43
5.812
8.16
4.625
4.859
6.591
8.39
7.47
4.337
4.017
7.02
7.275
8.95
8.22
8.51
7.067
4.013
2.462
2.806
5.316
3.173
2.801
4.641
4.025
3.274
2.382
7.148
11.28
16.79
11.45
7.375
6.942
8.66
8.5
4.197
3.827
8.42
5.294
7.944
7.431
4.716
5.1
8.23
20.34
23.69
23.18
22.45
21.57
20.11
17.74
15.09
12.66
11.89
7.566
6.965
4.989
8.34
7.673
2.372
6.426
13.47
16.94
9.89
11.74
14.69
16.28
23.98
31.63
35.32
32.8
28.09
25.62
23.95
34.1
40.88
33.78
28.22
31.69
32.82
33.62
31.49
30.04
38.05
44.51
39.94
32.83
26.74
27.77
20.32
16.46
12.56
16.88
16.59
12.33
12.68
6.322
12.05
10.59
13.99
21.16
22.48
21.47
22.52
16.02
7.981
7.731
8.09
4.8
7.907
14.33
14.78
16.36
22.86
23.59
20.75
23.24
32.33
12.6
6.673
6.095
10.23
16.5
15.41
12.47
18.64
24.49
24.95
22.87
24.91
24.62
29.62
23.18
23.48
22.89
19.74
18.06
10.75
6.65
7.329
10.32
5.425
18.63
24.5
16.96
12.93
14.95
13.06
15.32
13.02
10.65
10.54
12.16
10.8
10.67
11.95
8.3
4.91
5.36
5.923
10.22
8.5
8.5
8.93
9.38
10.21
7.667
9.12
12.05
7.852
2.747
1.445
0.145
1.997
5.395
6.882
5.377
4.748
3.192
11.91
4.726
5.332
7.039
5.168
5.023
7.796
17.24
14.48
10.73
9.95
13.06
17.12
18.25
14.34
7.56
7.711
7.634
7.509
10.65
7.073
3.162
1.938
2.11
3.589
6.581
4.617
9.38
10.74
7.024
2.979
5.333
3.616
2.113
1.553
0.803
1.455
4.318
2.73
2.194
1.365
1.786
2.45
5.669
5.868
1.993
5.057
4.163
2.188
1.653
4.815
4.002
4.311
4.36
7.855
7.975
12.14
8.64
7.719
9.6
5.63
9.18
12.19
14.53
15
13.28
10.22
11.06
11.48
9.68
8.54
2.92
2.555
2.809
2.75
1.991
5.721
4.663
1.828
2.128
1.409
2.072
3.216
3.615
5.451
1.429
2.122
1.619
1.186
1.057
2.342
2.07
1.466
2.034
1.758
1.457
2.03
3.464
0.615
0.113
3.433
1.809
3.005
5.369
7.198
3.925
3.821
3.903
3.856
4.219
5.312
5.117
13.37
19.19
19.34
16.61
14.85
14.31
14.41
13.31
13.64
10.81
9.5
8.29
6.802
6.4
6.303
3.553
10.58
3.956
4.526
11.21
2.727
11.46
6.4
9.02
7.165
7.802
11.4
4.797
1.775
5.147
6.884
6.355
9.93
11.25
13.46
10.96
8.34
16.63
10.14
12.1
12.38
24.21
20.47
7.928
20.36
19.42
13.92
9.05
10
7.947
8.65
9.99
13.67
12.24
15.42
9.22
13.9
16.6
26.4
22.3
24.47
24.85
20.37
21.78
28.83
19.36
19.3
19.1
12.62
20.84
20.3
16.92
14.44
16.25
8.71
11.84
12.91
13.05
8.49
11.45
14.29
16.17
11.9
17.04
12.09
15.25
15.72
21.73
14.71
24.26
24.86
28.02
40.89
29.16
9.6
11.56
47.26
44.28
26.77
20.68
14.57
17.84
29.26
41.92
32.66
19.86
37.95
33.51
32.42
35.13
27.01
28.14
33.57
25.5
27.72
30.91
31.75
26.19
23.8
24.25
22.92
22.61
19.75
21.21
22.92
29.77
22.08
22.14
19.82
27.93
24.03
25.27
23
21.82
21.81
19.62
21.14
21.15
23.64
21.8
24.09
17.57
22.22
25.94
23.61
26.42
28.23
23.84
27.88
25.95
27.92
16.46
23.04
19.79
15.57
22.28
22.03
18.21
17.96
22.1
25.3
21.47
18.84
20.66
23.48
21.11
22.93
22.49
19.57
22.12
21.3
23.31
21.68
22.59
19.54
22.92
22.56
21.38
20.14
28.01
24.85
20.73
17.21
21.91
18.93
15.71
16.36
19.63
24.69
25.4
24.38
25.31
24.61
26.52
25.36
24.75
23.49
17.85
22.74
22.51
19.09
19.92
23.33
23.8
21.21
16.79
16.86
15.32
15.42
12.16
18.88
13.76
16.63
11.58
14.3
16.8
20.26
16.3
21.65
25.22
24.57
19.26
9.73
6.766
17.68
17.09
21.51
30.94
16.58
18.98
15.26
19.23
20.86
23.24
25.3
23.3
34.07
37.39
40.88
27.52
12.78
17.37
16.79
22.65
24.55
23.04
22.18
21.62
21.71
21.15
20.9
19.02
15.15
15.44
21.81
31.46
20.47
20.15
24.22
20.25
23.2
23.27
21.67
27.43
29.91
20.84
17.46
18.38
21.18
16.6
24.42
20.65
28.18
26.19
24.26
20.39
16.74
12.91
16.67
19.24
16.6
14.71
13.64
14.38
16.97
15.24
17.92
18.63
15.06
13.7
20.67
15.01
25.41
28.47
22.48
27.18
25.84
21.99
32.19
26.73
25.67
26.11
29.04
21.52
24.99
17.61
23.32
22.36
20.52
20.9
19.67
19.94
19.17
25.79
19.51
14.93
17.59
24.96
34.84
25.67
18.97
21.12
21.52
14.87
16.54
16.69
11.5
17.7
18.81
25.28
25.32
21.01
15.22
17.58
20.67
18.52
15.13
19.9
23.32
23.6
28.8
23.86
21.67
20.57
21.27
15.54
15.32
14.48
13.73
15.92
15.26
16.05
13.24
9.8
15.82
16.31
19.89
16.57
16.97
21.36
23.36
23.18
28.75
30.88
26.12
34.46
32.19
28.28
23.9
21.62
22.66
27.65
24.38
20.11
19.41
12.89
19.32
16.45
12.72
9.61
10.72
10.59
16.86
14.66
14.83
15.91
23.63
20.69
19.42
18.98
20.65
16.63
9.78
11.79
11.05
21.04
17.58
19.12
16.21
10.89
10.94
15.22
8.48
13.34
21.57
14.86
8.85
11.7
14.39
15.2
18.84
20.2
23.34
14.64
15.28
18.27
23.75
19.02
25.34
37.71
30.43
19.32
22.63
22.54
26.98
29.68
30.1
33.64
27.67
33.15
29.69
31.99
32.44
25.36
23.07
25.22
26.11
32.28
19.92
20.02
20.44
19.41
15.69
16.8
18.73
15.95
19.7
16.23
23.3
20
20.72
14.06
13.35
11
16.78
18.95
25.44
34.94
28.09
42.95
31.45
18.69
14.9
23.05
17.09
22.96
19.33
21.55
21.71
18.46
22.67
20.92
20.74
17.49
20.61
21.74
19.52
24.27
21.15
21.79
22.82
18.17
17.1
17.52
20.27
19.77
21
25.36
29.99
35.02
32.8
35.12
35.2
33.17
29.18
40.15
50.64
41.67
43.25
46.35
41
39.89
47.79
56.17
52.2
53.76
53.44
46.29
37.67
36.52
38.59
32.57
24.27
28.98
25.65
32.06
30.02
31.21
34.52
37.61
33.81
24.92
22.77
30.56
20.92
16.91
12.31
27.04
16.07
8.79
14.23
18.02
7.12
9.42
11.85
21.55
15.55
7.396
14.3
5.277
17.31
17.2
18.1
19.23
20.49
19.09
18.59
14.05
19.57
18
19.79
18.28
21.31
23.43
26.49
23.35
23.71
23.84
23.78
21.87
23.17
23.55
18.74
15.84
16.14
18.16
15.54
22.31
14.3
12.81
19.51
23.01
25.87
25.28
35.63
26.58
26.42
24.25
10.98
16.43
17.22
12.25
18.04
13.12
11.26
12.56
10.65
9.35
15.82
18.08
18.97
18.24
18.45
26.53
30.19
34.33
39.6
40.13
34.24
31.21
35.76
30.29
26.34
35.47
28.29
21.53
16.65
7.947
16.58
22.89
17.06
21.47
30.66
28.37
33.31
30.23
26.46
16.76
16.1
18.03
16.58
12.52
11.92
11.57
16.01
14.82
8.71
5.973
5.277
6.875
11.18
14.51
13.28
7.738
3.117
4.073
5.166
11.02
8.88
15.28
14.33
14.53
22.02
15.36
8.47
12.64
20.55
26.28
31.19
32.76
30.79
21.93
17.42
33.54
30.17
23.82
19.91
14.51
16.49
10.4
5.223
5.939
5.304
7.701
5.658
10.82
13.87
15.05
11.13
19.18
13.2
17.14
18.79
19.05
14.54
5.36
7.843
5.964
18.63
24.36
13.03
10.6
4.698
2.741
3.533
5.352
6.202
6.032
5.928
9.29
22.41
27.22
20.19
19.18
29.3
30.17
26.49
33.71
35.56
33.49
29.42
5.642
5.863
4.576
15
26.41
25.95
26.42
31.85
30.71
21.38
20.45
21.76
14.04
11.97
13.84
12.2
17.09
12.61
17.72
18.72
12.58
15.46
21.11
20.66
14.14
10.64
10.3
10.32
9.33
3.134
4.473
7.165
5.406
8.21
18.31
22.1
26.17
13.25
8.71
9.24
10.96
8.39
7.216
5.57
9.54
5.432
7.614
6.559
6.527
2.175
2.872
1.727
3.21
2.294
8.61
7.972
8.56
9.13
21.03
16.1
12.47
9.24
22.82
20.53
18.68
10.32
13.57
16.38
18.38
12.69
12.83
13.96
13.64
11.25
12.15
13.08
15.2
14.66
9.12
10.19
16.58
17.13
18.39
25.12
26.6
16.09
17.86
17.5
19.12
18.18
6.782
6.65
8.85
19.95
13.91
14.2
13.54
11.47
6.472
16.54
12.11
10.64
9.98
8.23
13.81
5.301
3.665
6.075
7.191
5.008
11.15
14.08
11.75
14.5
9.52
7.527
11.35
13.05
14.67
15.04
10.71
15.77
12.88
12.52
16.17
12.05
8.81
8.74
7.853
11.91
13.45
32.96
39.81
35.41
30.26
27.28
28.23
26.8
23.37
20.25
16.69
17.48
21.12
14.39
17.56
22.46
21.19
20.85
27.42
30.5
21.09
20.51
17.73
18.15
38.03
41.54
27.62
16.81
17.86
21.2
17.07
15.97
21.71
18.14
20.41
10.21
19.19
25.69
23.79
22.43
13.72
15.02
17.77
15.75
13.91
17.72
21.05
22.78
16.27
17.42
17.92
16.57
17.68
15.03
16.77
13.49
17.5
21.65
19.07
20.67
24.84
20.98
25.88
30.74
24.75
23.76
23.94
19.12
25.29
24.35
29.05
26.91
21.71
23.31
19.35
20.36
27.85
23.07
25.84
24.12
25.11
25.61
28.21
27.29
25.87
20.63
23.42
18.99
23.87
33.94
26.84
28.32
20.46
26.81
37.88
34.99
29.38
22.11
30.43
18.73
20.46
21.96
27.68
16.67
17.56
13.01
19.34
14.03
17.67
17.11
16.94
16.46
24.72
25.82
28.06
33.03
44.33
44.73
40.99
37.47
38.54
32.1
29.88
26.38
26.79
26.61
34.14
33.65
34.49
29.17
22.02
25.94
19.33
21.46
20.62
14.77
17.65
20.01
23.66
7.951
9.62
19.91
17.04
11.39
12.8
5.492
15.27
18.45
10.84
11.8
14.14
15.45
13.95
10.94
12.46
9.07
4.977
2.781
4.241
3.047
7.798
17.68
21.18
24.89
24.81
24.27
21.7
19.57
14.95
13.8
6.763
8.69
5.173
6.775
3.144
5.71
15.86
16.24
16.01
11.6
8.26
5.894
9.91
11.67
5.228
4.227
4.217
4.793
3.163
2.316
1.391
0.573
1.299
0.847
2.218
0.931
0.535
2.006
2.222
1.481
3.008
2.206
1.854
11.54
18.85
17.48
11.73
16.2
16.03
14.92
8.51
6.154
10.16
10.23
9.54
11.35
12.38
11.29
7.245
6.732
13.92
7.139
6.708
9.12
12.18
9.81
10.85
11.42
17.72
13.96
14.69
14.35
8.76
5.878
4.265
2.326
1.533
1.132
1.592
3.752
1.759
4.91
7.825
5.291
6.053
6.625
10.98
8.67
9.11
10.02
8.85
8.13
4.641
4.117
6.741
4.375
5.661
7.248
8.45
6.479
11.73
9.38
9.96
8.93
12.7
11.98
9.66
7.693
4.593
10.61
17.18
5.917
14
13.28
9.59
9.16
10.66
6.953
10.37
8.61
10.29
10.87
11.06
2.896
4.391
2.935
4.405
12.86
23.91
28.7
16.3
18.77
33.98
32.27
15.6
15.32
14.98
17.54
25.92
10.01
5.937
8.26
6.763
7.582
10.41
10.46
10.76
7.15
7.864
14.97
13.02
10.77
9.82
15.91
10.46
6.889
9.08
11.03
7.81
5.275
9.41
17.33
14.69
13.11
18.11
16.62
6.783
10.73
6.004
6.508
10.23
20
14.07
7.497
17.12
12.4
6.306
6.572
7.591
8.95
7.064
9.56
7.459
10.44
9.4
8.41
8.9
10.79
7.931
12.65
9.46
6.914
9.56
6.576
5.984
5.034
5.454
7.47
7.822
6.978
4.905
9.5
14.11
21.35
11.47
9.75
7.21
13.85
14.54
14.49
5.715
12.09
14.86
10.62
5.979
8.7
8.58
7.519
5.667
3.503
7.349
8.8
5.296
9.29
10.96
6.664
5.476
7.444
6.286
7.375
6.99
8.86
7.901
8.81
7.149
10.54
14.28
19.26
10.44
9.86
9.5
5.723
8.07
9.3
6.693
5.658
4.765
7.617
5.8
5.087
4.871
12.81
17.45
25.02
21.94
22.26
20.48
17.85
16.87
19.56
20.27
10.33
15.75
16.09
16.5
10.78
16.81
21.23
25.3
19.09
12.42
14.04
21.15
18.63
8.03
10.3
4.316
9.88
24.72
26.61
31.19
29.28
34.93
29.9
28.57
35.39
33.2
32.8
35.93
34.89
28.3
32.76
37.7
34.49
22.64
28.34
28.41
25
21.46
16.29
19.04
15.34
19.73
21.22
23.26
22.14
19.39
21.71
20.01
21.01
21.5
19.97
22.67
24.41
24.82
19.85
20.86
20.7
22.78
23.91
25.09
26.7
23.35
20.47
19.41
5.746
5.232
9.03
9.9
11.59
9.07
9.99
12.9
14.62
9.94
10.16
10.12
10.35
6.712
8.18
13.25
12.71
7.687
5.92
6.414
5.093
8.39
9.92
6.099
7.325
8.12
13.39
6.934
3.634
6.029
5.895
9.96
8.03
14.11
14.84
13.85
11.51
5.83
8.96
8.59
2.924
10.03
11.35
10.34
18.18
25.92
15.04
14.39
22.6
20.28
14.43
8.48
10.85
11.44
20.38
10.39
5.38
6.127
5.575
7.279
7.035
6.874
6.435
9.71
10.81
7.129
18.42
27.26
29.12
20.86
16.36
9.44
14.06
15.23
6.637
9.96
12.61
11.62
5.058
11.23
6.934
9.32
9.54
9.88
11.85
7.907
4.349
3.622
9.51
10.11
7.772
11.25
33.67
25.21
7.341
16.82
28.34
46.21
44.23
30.12
29.38
22.03
25.67
30.17
37.3
40.07
36.83
40.21
37.28
35.18
38.92
37.75
36.65
36.07
35.98
28.92
23.74
12.47
7.586
11.96
8.06
18.47
13.37
17.04
13.45
12.33
12.95
14.5
9.19
15.57
14.17
14.74
11.81
10.03
10.25
11.16
10.43
18.52
20.94
19.43
31.39
23.55
16
32.91
34.34
29.41
27.42
30.85
37.03
34.97
38.79
38.02
35.52
35.13
31.49
20.06
16.69
15.85
24.52
27.06
23.76
24.05
17.43
19.71
16.88
13.95
18.2
13.97
12.35
19.07
17.67
11.67
23.66
20.47
15.92
17.01
12.95
8.99
11.47
9.92
15.95
10.04
10.94
10.75
12.01
13.29
14.99
16.26
17.72
15.42
13.82
15.97
17.69
15.2
13.4
17.14
12.99
13.53
16.78
20.11
13.01
13.99
20.36
20.07
12.99
14.71
10
17.08
14.11
11.44
13.06
19.93
16.07
15.57
14.29
9.08
11.87
8.56
14.97
16.27
16.38
19.02
15
12.41
13.03
6.843
11
14.67
15.35
15.9
18.24
13.04
16.75
20.68
16.57
20.4
20.39
20.72
17.44
26.18
35.53
38.76
35.17
33.12
36.44
40.38
41.08
38.48
40.51
39.64
37.96
36.35
32.84
28.47
29.91
32.21
32.24
28.61
24.76
21.34
19.93
21.57
24.44
13.39
15.04
13.02
10.75
14.4
16.6
13.99
17.53
17.23
14.38
10.95
18.95
14.18
15.5
23.81
18.97
15.24
16.73
14.77
15.83
15.95
13.96
20.46
19.04
21.4
26.32
28.2
28.51
29.66
34.42
30.32
31.64
30.2
31.54
22.52
22.4
21.29
23.24
20.5
22.8
22.06
21.17
19.02
18.71
20.35
20.56
18.52
16.91
17.88
16.38
21.69
32.94
32.68
36.63
20.02
12.71
23.72
23.91
19.37
15.61
12.75
11.45
16.74
11.26
13.31
17.3
20.68
19.71
17.56
15.81
17.59
24.15
26.01
25.33
18
20.1
24.07
26.43
23.92
36.84
21.63
10.31
14.95
28.88
35.13
34.02
24.22
21.49
21.85
18.79
20.6
28.99
27.97
25.48
20.83
29.9
31.33
30.61
29.69
29.26
27.68
28.09
27.48
30.82
30.42
31.2
30.11
29.43
27.26
30.25
28.55
27.97
29.45
27.67
23.89
25.17
25.61
24.62
22.83
25.76
25.98
25.38
33.23
33.98
37.69
39.44
42.9
46.35
44.79
47.54
47.9
41.7
45.68
41.53
42.06
37.18
32.46
19.59
18
22.17
23.17
27.27
29.94
35.11
43.63
37.13
34.93
36.57
34.72
35.59
35.78
42.08
43
48.47
42.04
19.61
30.41
34.85
35.82
29.39
19.67
15.53
17.05
19.85
24.83
16.3
14.98
7.813
8.78
16.48
11.02
10.37
19.21
23.37
18.28
18.51
19.21
20.43
21.74
25.99
19.19
17.53
16.09
12.44
17.23
13.94
12.04
16.16
21.15
18.64
12.28
14.3
15.01
27.6
13.51
21.06
17.77
16.75
17.26
20.19
21.62
22.94
23.73
20.65
19.34
25.17
21.13
22.47
18.62
18.24
12.83
23.36
15.43
13.99
12.77
19.64
13.75
14.72
23.81
20.21
18.12
17.67
8.78
17.3
13.79
24.5
21.88
16.71
14.85
23.27
17.14
18.6
11.97
10.15
12.53
7.678
13.46
12.72
14.9
16.14
20.55
16.34
19.28
13.39
18.3
22.89
15.32
8.37
19.39
17.15
16.59
17.03
9.76
15.1
8.2
12.56
13.75
8.16
13.44
16.68
18.02
18.05
13.49
10.77
12.59
17.78
12.18
9.69
16
18.95
19.22
23.22
28.68
28.51
27.88
30.07
23.44
21.45
22.04
13.3
16.51
16.68
20.19
27.29
28.84
24.79
33.84
33.24
29.68
33.21
35.13
36.61
34.25
26.26
27.88
24.61
27.44
34.17
23.89
18.63
20.35
33.93
30.45
33.58
35.23
37.42
41.42
41.72
39.44
41.28
38.49
32.37
27.36
30.33
28.67
27.35
22.29
24.93
23.37
31.16
35.33
37.49
33.07
30.52
33.56
30.29
22.14
27.62
26.75
18
12.31
18.28
22.88
36.8
40.58
49.18
49.59
44.25
35.25
31.47
15.47
22.42
22.24
14.14
21.96
18.04
12.06
13.37
20.49
25.69
28.36
27.12
30.67
22.16
15.05
18.25
11.7
18.58
15.63
14.6
9.69
16.21
12.22
10.1
12.53
14.8
15.33
11.54
11.47
11.43
13.68
18.38
20.25
18.74
12.75
15.4
10.25
7.945
13
12.82
23.21
23.84
19.77
15.29
12.04
12.37
13.03
15.56
18.94
11.1
18.97
14.01
12.92
14.86
11.11
12.6
11.17
6.503
7.482
7.805
7.719
2.778
1.708
0.861
2.948
2.527
8.12
9.02
11.63
10.58
6.703
3.313
9.82
7.035
13.98
7.612
4.303
4.381
7.087
2.503
0.835
2.269
4.508
7.323
5.598
4.741
7.083
2.62
5.752
9.1
10.02
3.927
3.508
3.736
6.959
3.403
3.695
6.312
5.127
8.79
7.85
8.21
3.806
7.399
3.719
1.74
1.678
2.648
2.643
4.923
3.005
6.562
5.418
21.21
11.73
3.043
4.813
9.61
11.55
12.44
15.54
13.35
13.04
6.215
13.64
10.45
11.68
5.664
12.81
12.35
9.2
3.902
6.79
6.02
8.89
14.96
15.6
12.21
8.14
16.89
26.21
28.28
26.58
19.52
24.83
19.69
19.03
22.98
26.85
12.18
11.12
10.64
10.66
20.05
18.79
13.13
18.3
19.91
19.1
30.53
38.59
45.23
44.72
48
42.24
34.31
37.23
38.16
40.07
50.07
56.38
64.02
62.72
59.25
56.19
61.05
49.35
39.22
23.63
23.75
28.96
27.8
34.92
30.87
28.64
34.56
39.6
37.91
40.47
29.95
29.48
28.27
24.66
31.88
30.96
39.99
34.9
35.95
38.07
40.48
40.22
38.95
34.72
34.71
40.07
44.11
44.95
43.85
37.81
37.65
42.7
46.27
46.37
48.84
46.97
42.63
47.45
53.56
43.21
49.49
49.02
41.79
37.84
43.42
48.97
46.2
56.39
44
63.78
68.89
67.11
63.5
62.99
64.55
66.49
55.77
57.91
60.55
56.34
51.34
50.09
38.29
20.75
35.61
29.75
17.03
15.7
15.08
13.38
11.6
11.57
10.41
11.09
9.07
11.04
10.78
10.78
13.51
7.415
8.6
8.46
10.24
8.09
8.83
7.113
4.341
5.407
3.638
4.663
2.857
1.562
2.393
0.502
1.456
3.175
4.112
3.002
2.603
2.667
5.088
11.16
16.86
17.09
6.835
14.85
16.97
6.368
7.845
8.66
11.27
9.26
14.09
11.62
13.88
13.02
14.54
17.74
19.22
12.47
13.71
11.39
4.577
6.779
4.311
7.854
13.05
2.896
8.59
4.608
5.385
5.865
6.701
10.02
5.801
7.323
6.501
6.696
7.117
10.53
9.75
8.66
7.188
13.77
15.7
21.31
18.32
13.13
13.99
16.68
15.73
12.29
11.79
11.66
11.22
9.35
8.53
11.96
10.25
10.59
8.49
6.328
11.95
8.1
14.7
13.44
13.95
14.9
18.59
13.83
17.08
21.93
20.05
15.59
14.5
14.63
17.43
18.73
14.95
7.259
7.287
5.03
7.742
12.63
12.52
13.94
23.78
21.9
22.03
15.31
15.65
10.96
7.418
9.96
13.55
6.812
8.35
15.58
9.48
13.03
14.47
10.46
15.83
22.42
13.44
8.77
12.18
13.94
10.97
15.08
18.6
22.28
22.38
22.03
20.31
26.13
11
4.124
7.496
9.02
4.574
5.817
10.5
17.02
18.62
14.03
13.99
9.44
10.78
9.57
21.05
17.47
11.97
15.35
13.19
23.15
23.41
21.79
18.19
26.76
11.54
6.402
9.07
17.22
25.69
31.38
35.27
33.32
31.4
32.29
27.47
32.63
38.61
47.4
50.37
31.6
13.29
8.28
14.81
14.29
13.3
9.74
15.61
17.81
23.18
24.26
25.23
32.29
34.52
17.38
27.06
27.47
30.12
28.39
26.69
24.95
31.77
28.59
31.04
32.58
30.42
23.12
23.57
27.44
21.35
22.73
24.38
20.95
21.72
15.33
17.15
6.418
5.982
4.332
8.38
6.311
4.705
4.921
4.305
5.065
4.262
4.866
5.265
5.029
6.927
2.712
7.458
4.192
2.763
3.611
1.49
3.759
1.584
3.48
4.704
3.154
3.518
5.273
5.162
4.459
4.439
8.42
5.97
9.94
9.04
10.92
7.766
7.942
5.391
7.326
7.373
11.08
4.327
5.879
8.67
7.113
9.23
6.639
10.18
9.96
9.72
9
9.98
8.58
10.19
9.14
15.77
10.28
10.01
8.39
7.859
9.16
10.81
7.135
7.731
6.212
5.935
6.777
8.13
5.194
8.52
7.502
6.2
8.81
6.102
5.754
4.448
7.452
12.78
4.794
4.005
1.517
2.957
4.699
9.8
5.593
7.01
8.74
9.15
8.92
6.749
9.46
6.819
5.521
8.58
9.32
9.38
9.17
12.24
12.86
9.16
11.56
9.66
12.76
10.51
12.82
8.57
13.38
8.52
7.92
11.23
14.26
11.2
7.093
4.414
2.736
4.955
4.983
6.565
8.61
6.429
5.783
5.755
6.572
6.429
5.828
6.173
4.674
6.91
5.84
7.337
5.81
4.723
7.43
7.518
8.36
6.138
6.153
6.435
7.162
6.783
4.986
5.152
6.037
6.107
4.125
6.933
5.816
9.05
10.4
14.07
12.54
11.86
15.58
9.67
9.26
11.28
10.58
8.91
7.17
1.531
2.741
3.181
7.867
7.274
5.568
4.709
8.29
9.88
7.502
8.78
10.08
6.462
8.67
5.585
5.746
7.792
6.289
5.471
6.169
8.35
5.46
6.906
7.82
9.47
8.05
9.61
9.25
10.06
9.25
16.61
29.18
33.57
17.34
18.53
12.16
9.73
4.251
5.735
5.791
2.627
8.41
6.879
4.67
8.72
5.509
5.746
5.706
11.95
5.999
4.923
6.006
4.877
4.462
10.01
6.587
8.46
8.98
11.18
9.33
14.54
21.29
12.84
17.87
22.6
13.6
14.97
9.75
8.83
7.495
5.583
8.24
9.8
9.49
8.1
6.865
6.076
7.79
8.67
8.94
7.67
12.42
7.859
11.91
11.08
12.95
9.11
12.8
22.41
8.83
13.03
14
13.65
12.57
11.12
12.84
10.63
10.35
7.334
7.268
7.407
6.201
7.155
7.177
7.58
4.617
7.725
9.3
7.304
7.701
6.292
6.891
4.941
6.339
5.766
8.14
5.105
6.776
8.04
6.149
5.456
8.48
7.536
8.1
8.66
8.54
8.33
5.624
6.711
7.665
8.91
5.469
8.7
7.546
6.225
12.78
19.11
16.19
8.8
11.59
10.46
13.21
8.47
5.637
9.51
8.1
6.446
6.477
9.04
11.55
8.08
13.11
8.65
5.832
7.038
7.951
7.345
9.25
5.89
6.766
8.83
6.906
7.667
6.895
7.49
9.62
6.906
9.29
6.215
8.19
9.25
9.25
10.04
8.12
8.31
8.97
7.505
9.47
4.4
3.485
4.484
8.76
15.7
26.73
38.77
42.51
40.82
41.73
41.47
41
37.33
38.57
39.91
40.21
40.02
37.43
35.63
36.69
33.1
33.7
29.5
21.66
24.88
23.94
21.35
32.38
34.82
30.6
27.71
22.58
23.33
26.61
27.2
33.19
27.44
28.82
35.39
33.71
38.42
31.31
31.81
27.46
22.73
26.1
26.31
23.51
22.68
27.76
24.61
33.18
30.45
20.79
18.66
14.28
19.27
17.05
19.86
28.8
26.2
24.83
29.8
26.97
33.67
22.97
22.28
20.44
18.72
24.87
20.5
22.09
21.32
21.44
24.01
22.65
25.43
28.07
29.25
27.36
34.26
32.57
36.77
41.82
42.08
42.74
42.44
45.62
51.7
48.65
48.02
47.99
51.51
52.89
50.9
54.52
54.74
57.44
49.16
41.8
35.95
28.76
27.18
28.53
27.77
23.57
26.18
30.87
33.18
33.73
36.19
40.36
44.96
48.97
45.46
35.92
46.37
40.65
40.94
40.75
38.58
26.58
9.88
12.71
7.636
4.316
8.35
7.488
8.74
6.951
8.87
7.137
7.261
6.869
7.586
6.634
6.431
8.13
8.23
9.84
6.924
6.994
11.41
8.63
6.313
6.728
5.072
3.714
6.514
3.673
4.57
6.092
7.316
6.89
7.462
7.73
9.21
12.33
8.56
6.668
5.414
6.298
8.37
6.824
8.44
7.039
4.029
3.489
9.08
9.61
10.55
6.163
7.371
8.69
6.972
9.36
4.255
6.494
6.835
6.192
9.76
6.884
5.24
7.573
6.569
6.684
9.74
4.554
4.632
6.346
6.097
6.298
4.457
4.748
5.355
3.489
4.693
6.243
5.399
3.12
2.704
6.056
7.262
9.14
9.83
7.178
7.413
4.442
6.312
7.008
3.31
7.04
18.28
15.11
5.107
3.148
4.514
1.99
3.639
0.711
2.476
4.805
4.833
5.2
6.768
12.78
14.87
30
25.93
36.53
37.43
36.37
29.43
30.92
37.88
40.32
37.86
33.29
29.96
29.32
31.32
32.9
28.17
26.73
20.86
10.87
14
13.23
8.7
16.32
10.14
11.33
7.141
6.518
16.34
8.72
12.95
13.02
15.04
15.09
15.14
11.65
9.26
11.06
10.74
22.86
19.57
16.48
15.85
17.42
16.01
10.86
21.17
14.81
17.2
15.48
15.71
13.65
8.08
5.797
8.47
3.895
3.949
7.66
7.397
7.258
10.19
9.36
12.69
8.94
8.44
4.821
6.706
8.86
9.42
5.573
7.553
12.98
18.39
26.12
20.68
19.01
16.18
17.03
15.73
13.82
13.34
10.05
5.898
3.213
5.757
9.31
13.73
11.8
8.34
9.61
8.24
9.77
7.198
7.925
7.534
8.79
10.06
9.87
9.21
8.02
9.81
8.62
6.163
7.496
8.54
9.46
9.13
7.073
7.636
6.926
5.206
4.037
7.992
10.44
15.45
16.85
15.46
17.32
20.98
17.08
14.34
10.66
11.17
11.32
16.34
12.28
8.69
18.84
23.19
24.9
31.16
32.54
37.02
39.8
41.07
45.21
48.52
52.05
55.13
55.35
54.5
52.72
51.95
50.09
51.79
53.32
48.98
43.85
41.83
40.22
40.08
38.28
41.03
43.36
39.78
36.38
37.94
35.7
28.85
30.58
31.12
27.94
25.53
16.99
19.03
21.07
23.82
23.93
24.15
20.73
20.19
19.94
18.52
15.02
14.58
16.11
11.48
11.95
10.28
2.906
9.27
4.181
5.577
4.86
5.695
6.442
6.556
8.07
6.812
8.1
8.99
7.798
6.545
7.97
7.112
6.444
7.873
8.56
6.928
5.389
5.849
7.027
6.372
7.152
10
7.046
13.32
11.57
13.64
18.6
8.19
6.002
8
15.4
17.29
14.73
23.4
15.17
7.844
11.25
11.83
14.98
7.932
5.86
10.25
7.85
12.91
7.833
12.8
18.84
17.59
13.85
16.1
17.02
15.82
9.56
17.65
23.7
23.43
30.53
30.7
28.02
29.49
33.09
43.26
29.28
29.75
33.17
31.5
32.75
35.97
36.65
39.4
38.8
39.34
43.12
42.73
36.95
36.23
34.66
38.51
34.98
36.13
32.22
27.07
33.02
32.37
20.53
15.02
19.18
16.1
22.42
22.74
21.56
26.53
31.63
36.08
38.84
47.63
43.65
44.29
42.74
48.99
51.17
51.33
43.3
43.9
39.84
45.58
42.75
45.91
45.06
42.42
44.72
45.23
44
43.97
42.97
43.31
39.69
38.37
35.7
32.85
33.2
29.41
31.57
33.66
33.17
22.61
30.45
31.67
32.97
29.32
22.52
24.84
23.79
27.09
20.13
25.26
32.89
30.86
24.64
25.08
20.05
24.37
23.47
14.64
16.26
17.6
14.79
12.88
20.64
35.58
51.96
44.04
48.83
49.77
40.03
30.87
33.88
36.21
43.7
43.61
39.75
34.56
37.68
46.58
54.92
37.35
34.92
45.07
42.82
36.49
22.11
17.34
24.08
17.5
23.7
26.37
29.06
28.14
28.65
32.87
23.03
35.27
54.03
67.84
59.02
48.99
39.93
36.9
21.28
18.26
16.56
16.22
15.27
17.35
16.14
16.12
17.67
22.98
22.89
18.72
23.27
22.46
31.36
37.09
53.64
47.34
43.18
42.24
22.71
21.31
25
23.43
36.36
25.08
21.39
23.11
17.33
16.45
16.87
12.63
16.47
21.61
22.34
36.91
37.91
29.78
34.83
27.02
34.26
33.96
28.95
20.19
23.08
22.61
20.57
18.34
12.1
13.49
24.6
26.67
33.78
32.59
24.43
22.53
28.28
20.23
26.63
39.42
39.01
35.1
35.73
30.96
35.61
19.74
23.57
30.63
34.51
33.42
31.53
23.89
23.48
22.82
24.19
17.87
17.98
18.04
21.99
25.34
23.77
22.87
21.64
21.4
17.18
16.4
13.85
16.8
11.31
19.57
11.11
9.8
11.57
11.78
6.439
9.59
13.14
12.72
13.47
15.17
11.3
15.76
25.96
22.5
13
18.09
19.49
15.47
25.09
28.58
30.26
28.02
23.95
26.92
27.88
28.06
25.88
23.98
32.72
30.4
29.1
33.42
33.44
29.25
30.63
25.54
19.29
26.85
23.66
30.33
25.9
24.97
26.57
30.25
18.91
23.58
25.03
21.52
28.74
28.94
26.69
26.4
24.71
23.84
27.22
25.1
23.18
28.1
28.14
36.95
29.69
22.36
20.93
22.96
23.09
18.74
17.25
22.81
38.82
39.67
28.97
36.7
30.37
38.55
35.84
33.85
36.22
34.59
34.76
34.46
29.01
25.63
25.61
20.06
23.92
22.11
22.75
12.86
10.69
11.55
8.96
10.95
10.67
12.55
13.65
15.61
15.96
11.24
14.3
15.77
18.32
9.71
23.18
25.85
17.88
25.9
22.37
22.57
17.59
13.77
12.37
30
41.28
39.42
37.51
42.9
38.35
22.73
25.3
40.78
39.46
37.96
34.28
28.11
26.77
28.63
21.49
24.88
14.78
7.773
11.28
9.19
12.39
17.84
17.92
20.58
21.86
20.14
18.9
22.05
23.21
20.91
20.33
18.31
12.5
19.58
16.31
13.54
11.92
20.31
13.18
14.42
11.84
13
10.24
14
15.45
20.08
15.28
15.2
20.13
22.22
24.3
24.07
25.58
21.91
22.56
28.95
27.63
26.89
23.43
11.72
10.7
10.65
9.6
11.12
12.43
13.61
13.59
16.01
14.66
13.33
18.48
14.01
12.79
11.38
12.81
16.27
19.62
13.94
9.96
3.458
5.369
9.87
14.08
15.92
19.86
20.17
23
17.74
15.48
16.94
15.28
11.9
13.68
12.19
15.98
10.02
11.13
12.13
6.169
11.05
25.12
16.08
18.27
12.54
15.83
22.36
18.38
7.478
6.663
9.47
11.31
13.75
11.74
25.11
27.65
32.64
35.66
32.52
31.44
28.01
29.73
33.39
33.24
35.49
30.04
24.03
22.68
20.75
20.67
19.08
22.9
24.84
22.02
20.31
21.65
25.67
20.56
22.1
20.87
24.31
23.58
25.65
28.82
25.85
19.56
19.59
18.93
22.37
24.26
23.12
19.28
18.39
16.4
16.79
19
13.78
12.05
11.59
13.23
12.89
11.17
9.93
7.494
13.1
12.34
18.91
15.57
14.26
17.32
17.61
17.55
30.58
16.64
17.41
13.14
11.8
12.45
13.85
14.94
10.34
13.75
12.76
8.9
11.91
16.71
17.3
14.84
17.55
14.77
14.01
13.52
12.29
14.7
14.53
12.15
16.59
16.68
15.33
14.22
20.11
18.63
24.97
27.12
25.79
21.83
25.28
22.26
20.07
13.21
13.83
16.38
18.91
10.73
11.77
13.77
15.6
16.92
12.18
13.43
11.14
10.82
10.71
11.75
18.87
28.91
25.94
25.53
21.96
17.75
22.25
20.59
19.52
18.72
14.74
17.36
22.51
32.25
20.98
22.12
31.78
32.58
32.38
36.27
43.69
40.72
42.29
41.59
43.61
36.97
31.79
24.33
16.17
22.65
15.11
19.46
11.97
17.12
12.97
15.32
12.22
12.59
15.03
14.23
13.06
11.84
14.39
18.42
21.74
11.86
15.18
10.6
11.35
10.25
14.67
13.99
11.35
12.8
15.41
16.15
18.82
18.31
23.56
25.06
27.81
27.89
33.23
21.78
17.28
24.09
21.69
28.94
27.04
21.06
13.32
10.99
13.75
21.84
32.51
34.06
35.18
31.86
37.82
35.35
33.15
20.47
8.8
7.793
5.767
14.06
24.13
10
21.66
18.69
22.31
23.79
21.15
25.83
18.37
15.27
18.25
14.34
7.994
6.921
14.73
11.88
17.78
21.27
22.13
24.39
24.18
17.37
22.32
21.58
34.62
34.1
34.4
36.98
35.7
26.92
28.87
41.02
39.11
41.08
33.01
34.69
33.33
39.6
36.82
41
38.43
27.08
17.2
19.69
13.97
7.872
7.974
8.87
7.717
8.62
12.27
9
13.01
13.02
15.69
15.02
13.19
18.06
14.33
12.96
12.26
11.85
8.53
10.19
18.99
10.05
10.29
12.15
9.79
11.28
13.11
15.85
16.23
12.19
12.35
14.41
13.7
10.73
7.841
15.02
23.45
23.66
24.97
26.29
17.52
13.73
12.08
16.24
17.62
24.22
32.47
32.55
28.81
24.3
16.23
16.69
13.88
15.51
15.08
11.96
8.75
8.03
13.93
15.85
18.36
13.84
12.78
7.386
6.062
6.457
3.475
7.856
9.83
10.07
7.353
1.516
2.471
7.264
9.69
4.223
7.893
7.776
4.707
7.463
6.696
6.399
12.86
15.07
12.83
5.63
4.85
6.836
6.769
6.882
10
6.748
7.888
6.61
6.606
6.451
6.013
8.92
4.44
6.431
16.1
24.64
21.71
20.46
22.13
17.06
16.6
15.45
15.46
15.05
15.46
14.14
17.81
18.18
15.31
16.98
15.03
12.22
10.97
8.19
8.82
5.248
6.938
9.6
14.1
31.31
31.43
18.63
8.12
7.413
7.339
7.363
7.327
7.861
8.08
7.389
7.452
10.15
15.19
12.27
17.58
15.23
18.83
24.17
16.93
7.092
15.17
19.94
19.68
19.79
23.3
20.16
20.38
19.55
18.71
18.78
16.8
14.62
14.55
9.52
5.514
9.45
9.23
5.107
6.706
4.374
6.134
4.106
1.156
2.066
2.27
3.701
3.442
1.237
1.11
2.971
6.943
10.32
5.416
3.766
5.427
3.769
5.281
3.224
4.229
3.145
1.321
3.453
9.55
7.879
12.09
13.46
13.03
13.82
19.17
11.5
10.06
7.505
7.989
6.44
7.667
6.429
7.096
10.94
11.18
11.04
8.72
11.08
10.81
7.882
7.904
5.501
1.714
1.498
3.133
4.602
1.581
2.117
1.156
1.19
3.209
2.119
1.799
1.976
1.338
1.494
3.819
6.589
4.682
8.1
3.86
4.189
4.464
6.727
10.4
22.16
19.01
7.168
11.09
6.314
7.844
5.523
13.1
23.66
26.39
24.69
22.73
20.84
16.95
15.58
13.56
14.45
14.72
13.02
11.86
10.66
9.7
11.84
10.47
8.38
10.34
9.77
5.642
4.057
0.716
0
0.202
1.234
0.926
0.759
2.71
3.51
3.158
2.267
3.534
1.242
0.563
0.792
1.476
1.086
1.762
1.552
2.44
1.178
1.447
6.614
3.519
5.956
5.993
14.78
6.462
5.361
6.834
6.34
5.564
6.843
12.04
13.4
18.98
15.94
8.56
9.28
8.79
7.965
11.44
7.983
9.44
7.007
4.736
11.34
18.47
17.55
12.87
5.968
13.16
16.75
6.202
7.383
7.8
6.087
7.327
12.77
12.51
16.6
17.68
23.69
25.96
26.74
29.65
17.51
18.81
20.4
31.81
18.2
17.03
21.72
20.27
8.07
8.22
11.08
11.19
10.57
15.05
14.57
14.04
9.83
8.01
16.95
19.66
17.24
15.95
15.78
13.71
14.31
9.99
16.49
16.44
16.2
14.55
13.53
16.49
13.22
10.51
8.03
10.58
13.17
14.99
9.68
10.6
7.669
11.95
9.06
14.59
8.4
5.742
9.31
13.81
15.08
10.43
12.91
14.39
10.65
8.93
10.3
7.381
9.82
8.6
14.46
13.97
14.28
10.83
10.25
8.73
10.43
10.59
11.79
15.74
14.21
13.29
9.38
18.63
18.03
18.45
11.92
12.51
9.78
20.79
27.74
30.06
26.74
23.87
24.91
24.68
18.84
22.54
17.3
15.33
16.46
16.91
21.16
21.32
20.06
23.39
23.87
13.29
17.34
19.99
25.19
21.16
22.36
16.64
9.4
12.49
12.92
11.39
13.57
14.74
17.9
17.19
17.25
15.49
15.11
17.38
18.46
17.87
22.7
22.01
21.01
22.4
15.81
16.41
17.49
16.94
18.48
20.3
17.5
14.85
16.93
11.56
10.82
14.3
26.29
24.44
23.64
25.02
25.72
25.89
29.34
28.97
32.78
34.68
34
38.6
41.17
37.85
36.68
35.6
33.78
32.81
32.32
29.81
27.15
21.47
16.75
15.02
12.36
11.1
11.14
12.43
11.23
10.62
11.03
10.15
8.02
13.22
13.34
13.04
13.31
16.15
12.48
12.54
11.57
14.49
16.97
21.39
24.06
21.69
24.02
26.21
30.23
32.92
34.67
37.87
38.99
38.73
35.57
37.46
38.31
38.14
39.31
37.86
35.02
38.92
33.01
29.7
29.64
28.77
21.95
17.81
13.24
7.105
9.7
11.13
13.25
12.42
14.51
15.88
11.82
10.58
13.69
17.61
16.94
18.98
16.25
14.48
13.06
11.12
11.12
12.19
11.28
14.48
13.18
7.587
11.74
15.08
15.05
16.7
16.69
17.62
20.26
16.84
15.46
23
31.78
26.53
24.35
23.22
18.58
17.68
26.19
28.7
29.47
23.8
23.78
30.64
30.54
30.39
22.68
19.98
20.66
24.52
23.91
28.03
17.57
12.38
16.34
23.88
24.01
25.98
29.6
25.02
14.77
11.71
10.32
8.16
8.83
9.62
9.19
9.86
11.98
10.43
17.2
11.65
8.12
11.27
12.77
17.38
18.61
14.23
21.49
23.7
21.67
14.74
11.22
18.1
16.88
10.28
17.21
17.45
15.39
17.74
16.49
12.95
13.43
7.759
13.79
23.34
13.26
7.672
9.01
8.41
9.13
8.79
13.07
6.705
10.04
10.59
13.22
11.27
16.93
13.85
15.87
11.94
14.37
8.38
8.76
8.44
10.74
16.64
17.87
9.86
12.92
16.17
14.93
19.69
15.87
17.13
17.57
23.94
26.05
22.29
24.45
27.29
27.7
26.58
33.98
31.03
25.47
31.84
28.87
35.37
33.05
34.55
29.23
28.67
19.96
16.69
18.59
12.26
9.15
11.78
9.76
13.8
22.62
22.18
12.84
15.9
17.23
25.44
26.5
23.85
20.35
20.96
16.54
14.73
17.02
22.17
14.66
7.285
5.401
10.53
21.02
19.38
10.18
12.5
16.06
13.6
12.94
27.48
29.79
33.05
24.66
24.83
21.04
18.52
21.07
7.411
16.01
7.771
16.61
19.75
19.9
11.98
5.269
8.29
14.52
16.82
11.27
14.09
13.39
15.64
12.56
15.35
14.64
15.79
14.93
18.65
20.97
25.39
18.04
10.01
10.77
12.58
11.47
15.89
13.67
15.01
6.831
10.68
15.64
15.22
15.56
16.63
8.68
16.34
15.24
11.32
15.77
12.58
24.8
13.82
27.5
34.59
28.03
26.8
26.03
30.47
27.69
30.96
29.94
32.49
32.59
33.28
28.95
33.87
32.86
32.68
25.44
15.76
22.32
24.61
19.49
14.29
11.91
4.748
11.01
5.782
12.6
7.713
10.57
7.799
12.78
15.55
14.31
19.58
17.1
22.27
22.37
14.59
9.37
13.55
17.62
28.43
26.56
30.27
9.36
6.01
6.544
5.519
9.32
7.897
5.669
7.89
10.18
6.72
6.928
4.575
6.146
7.831
13.41
12.1
8.84
7.088
5.216
4.799
4.434
8.45
13.67
15.86
9.86
11.38
13.62
15.42
5.765
11.89
11.23
1.406
8.41
3.86
2.551
2.106
5.703
6.385
7.041
5.878
7.343
10.02
13.45
19.97
8.95
13.23
9.5
9.65
4.523
12.58
12.83
10.96
17.8
10.65
10.92
8.44
15.76
14.91
11.08
17.72
22.63
24.69
21.2
16.13
13.29
12.53
10.51
16.85
23.35
18.04
15.7
15.41
14.46
17.25
15.73
12.48
13.49
16.56
17.21
11.32
13.71
12.86
13.67
13.86
14.19
15.95
18.15
17.03
17.09
16.69
17.11
21.03
16.45
23.4
18.04
14.55
22.62
16.48
16.56
14.76
15.44
19.59
19.06
23.85
20.54
12.77
18.64
17.01
18.68
13.29
16.02
17.16
14.24
18.83
18.06
16.19
20.95
17.74
17.51
12.31
13.12
14.18
10.67
16.01
14.31
16.74
13.69
8.97
12.53
11.25
9.57
11.65
15.81
16.76
13.79
11.7
14.52
13.26
16.64
12.92
11.85
15.94
9.47
11.71
14.46
10.65
12.38
12.35
11.46
9.97
17.14
17.61
18.96
18.54
10.28
14.13
17.09
18.49
11.05
9.13
9.34
11.66
12.29
9.83
7.169
7.232
8.2
6.512
11.31
11.24
16.46
11.54
15.07
5.498
3.923
6.051
9.86
13.02
17.4
26.93
27.31
26.82
21
15.77
9.85
9.97
15.91
22.2
21.33
22.72
21.09
22.21
24.01
27.02
31.26
38.58
42.72
39.12
38.89
29.5
16.3
18.42
20.31
20.23
24.87
28.12
29.28
27.37
28.51
23.6
23.82
19.53
20.52
16.66
17.17
20.19
23.61
20.08
15.14
22.98
24.75
25.41
15.85
13.2
12.32
7.17
10.79
15.84
16.22
12.48
17.06
12.41
12.51
10.35
11.5
12.4
9.21
11.56
10
18.2
10.75
6.88
13.81
19.98
24.31
28.72
30.88
34.66
35.69
36.36
32.07
32.85
22.1
29.83
32.9
26.54
23.47
19.3
16.73
15.4
18.96
8.98
7.678
8.77
13.02
9.78
16.74
11.09
15.91
14.13
12.3
11.22
13.56
12.71
12.91
9.52
5.546
8.64
11.81
13.66
11.81
20.76
21.56
22.25
17.08
13.28
19.39
20.1
18.31
17.24
26.08
11.42
8.54
12.51
13.24
14.37
17.98
21.27
16.27
24.32
26.28
21.77
16.38
11
21.4
19.43
19.55
17
19.12
21.43
13.46
11.16
9.46
12.4
15.79
14.22
15.17
12.19
12.09
8.31
13
11.18
11.25
5.517
4.414
8.09
6.141
10.88
7.02
5.596
6.853
6.88
9.51
8.31
7.116
26.25
29.45
27.55
24.64
24.41
12.22
9.47
20.37
22.38
17.86
25.4
22.78
20.1
21.38
30.39
26.13
17.54
17.4
13.58
21.64
13.31
13.79
25.77
20.44
19.48
20.53
13.2
18.35
20.39
24.06
18.21
18.47
17.14
15.98
13.28
13.31
19.78
17.56
22.3
25.85
17.61
10.6
18.22
14.9
13.34
12.77
14.04
22.27
24.67
16.93
19.33
22.7
22.79
24.9
25.33
23.8
16.79
18.08
10.37
11.66
12.04
12.57
17.45
17.47
16.98
11.03
15.04
16.48
16.19
17.8
16.77
19.39
11.49
13.27
12.21
14.02
16.62
19.17
16.86
19.66
13.39
7.842
5.398
9.3
9.95
13.21
19.64
19.38
11.02
15.53
24.1
32.29
27.81
26.83
28.5
29.03
25.94
30.84
37.44
30.19
35.41
38.99
35.38
32.75
28.34
19.22
20.17
29.41
35.49
32.96
35.07
35.31
32.05
29.97
31.36
30.48
18.86
11.94
10.55
18.27
15.81
18.82
10.91
13.34
8.04
8.06
8.99
6.891
7.138
17.04
26.75
26.77
30.89
30.6
25.45
25.67
22.34
16.6
20.67
7.018
8.52
9.14
9.24
6.977
5.937
8.84
7.868
7.345
6.787
5.381
8.09
8.74
10.32
15.56
17.49
25.37
25.29
23.93
20.19
17.24
10.77
8.06
15.24
15.17
11.38
10.69
14.07
13.45
12.28
14.05
14.82
14.54
13.65
12.77
10.45
14.52
14.96
14.9
13.78
18.16
24.37
23.89
30.66
24.82
18.88
19.83
22.16
20.78
21.53
22.6
26.51
25.34
21
18.44
21.29
18.7
26.81
23.28
27.64
26.22
25.53
22.26
22.07
25.55
22.49
19.14
15.42
11.19
11.65
13.08
12.98
9.88
24.7
30.92
23.04
12.86
19.28
14.12
15.44
19.28
9.5
8.46
9.72
15.69
10.26
12.05
9.14
14.56
20.05
25.75
25.46
29.53
32.19
36.55
38.76
40.81
53.38
54.6
56.93
57.99
46.9
46.45
50.49
52.47
48.64
44.97
51.56
49.78
45.8
42.23
38.47
43.16
40.93
35.9
24.75
16.77
7.99
5.552
13.38
16.8
19.07
27.61
15.12
11.61
14.71
25.77
19.76
10.13
6.508
8.03
14.23
9.81
9.99
12.54
7.936
8.31
10.37
7.934
11.5
5.948
11.27
11.4
17.12
11.27
12.74
15.08
21.55
27.37
24.8
23.77
21.94
20.61
19.3
19.26
17
14.15
16.61
12.35
11.66
8.87
17.26
8.68
7.916
12.46
15.58
14.28
19.66
19.79
21.68
16.48
17.41
16.21
17.24
15.31
18.3
17.84
15.24
15.01
13.89
10.54
11.67
10.07
13.5
13.6
16.84
14.92
13.26
8.38
7.806
8.74
9.34
12.68
14.02
21.57
20.31
17.54
16.68
17.14
29.24
25.9
32.22
35.17
38.82
30.08
25.65
25.81
24.67
22.72
28.38
22.52
23.39
19.41
21.15
17.01
18.42
13.52
9.98
10.61
11.93
8.05
11.6
18.15
12.73
10.43
13.45
15.19
8.76
13.03
14.99
17.2
12.19
17.84
14.57
12.97
8.48
9.15
8.43
15.83
30.41
38.62
37.32
31.07
28.17
35.57
33.47
41.05
40.71
41.07
40.35
41.38
38.98
30.5
28.63
29.49
31.42
28.96
29.7
30.64
17.31
13.6
16.76
15.9
18.75
21.64
20.71
13.59
15.42
15.23
5.53
8.28
21.97
20.19
22.74
14.42
12.36
14.25
10.31
15.84
19.18
19.21
12.04
15.43
18.24
22.85
25.86
28.62
29.53
31.43
36.49
38.75
37.75
35.49
34.8
35.33
36.93
35.95
34.78
30.5
34.29
32.31
30.74
34.53
30.26
24.4
21.26
18.09
12.38
12.12
13.91
11.8
21.26
11.86
14.38
12.73
13.78
20.74
22.68
21.47
16.14
12.28
13.49
16.5
15.67
14.83
18.52
18.61
16.13
12.42
13.84
13.39
12.37
20.16
28.58
28.69
31.07
26.63
27.81
33.73
30.47
32.17
35.52
35.09
30.54
29.48
29.51
26.09
28.52
22.1
22.9
23.84
22.8
16.54
10.42
13.44
18.29
14.1
6.718
8.64
14.46
9.47
11.32
11.28
6.987
13.85
20.57
16.06
13.56
14.95
16.24
14
8.56
12.31
11.95
15.72
24.53
17.52
16.57
24.65
27.93
23.1
24.74
18.43
25.83
33.04
28.93
29.94
7.844
13.78
17.45
12.98
11.23
17.98
17.97
11.62
15.08
21.42
25.95
31.99
33.5
25.14
24.5
14.63
18.52
19.43
14.73
14.9
14.5
13.7
10.43
8.84
5.012
5.638
16.96
16.35
14.24
15.79
17.04
15.21
22.43
17.71
13.72
13.6
10.24
6.419
14.12
14.16
12.66
12.08
15.4
17.17
18.01
20.27
22.26
26.63
30.49
30.73
31.89
27.58
29.81
35.42
25.61
20.56
24.06
27.53
33.19
28.36
29.44
27.52
21.96
16.85
15.61
14.19
16.56
16.39
12.83
8.19
18.05
11.65
10.73
11.44
15.11
13.84
15.16
17.53
14.93
9.66
3.938
10.13
4.876
8.63
8.19
7.467
6.249
17.14
21.95
25.57
24.2
18.79
17.29
16.29
21.68
11.85
15.59
17.7
17.79
15.2
14.91
13.6
13.87
13.1
15.48
13.05
16.44
17.56
17.14
17.88
20.82
18.76
22.21
24.87
28.6
15.6
20.74
30.31
29.97
20.83
23
15.03
17.38
13.32
10.26
11.01
13.38
12.84
17.23
19.15
19.06
12.08
13.22
20.91
20.36
19.84
19.66
23.33
25.53
27.89
29.28
22.12
27.62
27.25
25.78
25.71
26.1
30.05
27.9
33.73
34.74
34.27
40.92
36.41
30.67
34.04
36.58
34.5
35.93
32.45
27.74
24.16
21.73
28.29
35.11
32.98
24.32
20.48
25.54
18.11
18.04
12.76
21.72
22.6
18.26
15.64
18.27
20.1
20.51
22.41
19.84
26.9
25.54
27.9
26.99
25.01
27.5
28.9
25.23
20.55
27.87
21.35
28.16
19.83
24.98
24.02
26.37
19.57
14.83
18.18
14.42
20.39
24.27
24.11
21.11
15.7
14.63
15.72
20.58
23.84
27.04
36.16
31.5
30.26
36.33
24.69
17.67
20.75
19.45
19.93
22.61
20.91
17.36
21.66
16.28
18.89
24.36
30
29.26
42.64
39.7
30.13
39.8
39.34
29.17
31.12
35.61
28.14
20.97
32.43
38.29
29.61
32.2
34.62
38.63
32.72
34.4
34.96
34.33
25.47
17.43
25.1
21.17
10.89
9.97
7.81
27.15
25.2
18.25
9.7
11.26
13.07
5.379
5.646
15.08
14.97
11.8
11.02
14.68
20.36
11.7
8.05
13.18
10.68
4.719
3.181
6.999
4.997
7.113
17
8.15
7.105
4.254
12.17
14.84
15.81
12.5
8.2
8.8
12.17
5.77
17.51
24.22
26.87
27.99
25.88
21.79
25.18
26.05
27.37
17.37
18.59
14.61
16.57
13.56
14.26
19.27
19.61
10.9
7.703
15.38
15.52
17.66
19.28
18.85
15.57
10.34
8.2
11.82
16.96
17.16
8.81
11.07
9.17
5.823
3.406
6.49
7.09
14.01
10.27
9.58
22.58
27.11
11.72
18.24
32.98
24.04
29.93
23.88
8.4
4.704
5.598
8.84
5.561
7.15
6.192
9.67
10.74
7.112
6.154
4.879
3.848
9.58
7.31
5.258
4.722
8.86
6.777
10.67
8.73
8.42
9.77
7.378
5.302
8.38
9.25
8.59
9.74
9.99
5.948
1.872
1.385
1.132
1.405
25.49
32.34
34.53
26.34
14.02
8.2
7.247
6.116
2.739
9.09
6.702
5.64
7.595
7.079
9.57
7.467
5.435
3.551
5.441
3.088
2.55
3.955
9.48
9.24
7.636
8.69
9.08
10.6
7.971
7.429
8.42
9.12
8.85
7.718
17.3
7.056
9.59
7.808
10.71
12.4
15.76
14.59
13.92
17.15
16.96
12.25
13.56
7.278
6.187
6.971
6.208
7.932
9.18
9.86
8.89
10.59
14
12.18
11.28
11.92
12.39
11.81
8.56
8.84
16.45
12.28
32.67
17.4
12.5
12.08
11.05
39.23
44.84
33.51
16.66
14.41
28.86
19.83
16.54
11.15
9.66
8.69
6.867
17.1
9.18
3.729
10.37
12.35
18.1
15.09
5.3
9.39
5.547
7.217
6.248
7.16
7.119
7.21
6.896
7.07
4.834
5.203
5.061
6.274
8.38
7.205
8.3
7.642
5.976
6.692
5.294
6.725
4.566
5.729
5.013
7.093
5.777
6.644
4.513
6.097
5.971
7.062
8.48
7.597
11.18
13.9
13.62
15.53
10.24
5.732
9.04
10.31
11.94
11.76
13.55
10.88
10.86
7.935
8.54
9.22
11.37
6.564
10.13
10.21
19.46
11.16
14.55
10.66
7.7
7.259
8.32
7.067
5.7
7.208
9.18
7.849
8.85
8.22
5.503
5.481
5.511
4.1
7.103
7.416
7.677
8.98
12.36
24.26
28.05
29.08
27.09
28.77
27.01
19.81
19.58
20.88
16.24
15.25
14.71
11.25
18.62
8.77
15.14
10.85
13.97
21.5
19.33
17.4
18.73
14.3
16.35
17.96
15.31
7.53
15.83
25.31
34.44
36.28
34.36
40.08
39.78
38.88
35.26
36.28
40.3
45.69
44.21
46.66
44.38
41.22
47.43
45.39
43.53
43.51
40.09
38.47
37.31
37.45
36.24
32.93
31.32
25.49
23.92
16.84
17.7
16.86
20.04
22.42
25.64
25.33
24.81
21.79
21.1
22.26
23.96
20.99
25.03
23.03
21.18
24.99
22.3
28.84
29.76
33.83
28.56
23.91
21.34
29.19
23.83
18.41
14.44
12.4
10.65
6.899
20.43
18.7
16.28
11.97
13.93
10.04
9.08
14.39
12.29
14.84
9.26
12.41
9.38
10.76
7.583
10.09
8.43
8.7
16.12
13.08
17.15
20.55
31.17
29.7
29.32
29.22
27.27
26.91
23.35
21.93
24.17
15.16
16.09
17.33
18.52
26.53
29.95
30.88
25.61
30
24.16
14
17.98
12.92
9.32
12.45
6.718
10.18
9.95
15.7
27.6
28.14
28.97
31.1
30.12
29.69
38.64
33.47
35.49
30.1
26.83
26.83
33.03
30
31.3
31.36
26.54
23.34
26.25
26.56
22.96
19.19
19.71
26.13
26.21
17.94
24.17
21.32
19.18
10.8
12.73
10.31
7.311
7.728
8.4
6.689
7.368
7.28
9.82
7.2
8.79
6.555
6.73
7.309
8.21
8.08
7.33
8.26
6.811
8.11
8.14
6.523
7.75
3.397
5.76
6.93
6.973
5.847
6.519
3.632
5.974
5.318
15.94
13.4
10.42
7.872
7.177
9.65
12.23
15.41
18.01
8.88
9.47
12.71
19.56
17.34
19.84
19.1
21.9
10.9
11.36
11.03
10.93
8.73
9.9
10.56
9.97
11.09
9.06
10.61
10.23
12.84
7.684
4.134
2.269
4.504
8.89
5.969
7.83
27.02
20.54
36.32
40.68
38.43
39.34
39.16
37.1
37.51
32.96
22.18
15.35
17.17
16.53
9.82
11.08
13.82
19.47
32.13
32.07
35.67
38.18
21.68
16.85
21.06
23.13
25.22
21.79
20.54
24.66
27.8
24.85
25.32
27.39
31.61
35.84
40.87
32.74
33.64
25.8
17.34
18.94
34.49
51.91
51.93
49.39
36.61
35.82
32.74
37.79
40.3
38.5
28.57
29.64
31.09
34.01
33.95
31.09
20.11
16.68
15.91
14.99
15.8
17.2
17.34
18
17.08
17.76
16.35
14.1
19.86
25.3
18.13
9.06
9.43
11.08
20.37
16.99
23.48
18.83
30.99
31.69
30.65
31.91
14.46
18.16
10.22
17.1
16.3
17.33
26.94
17.36
19.5
16.64
23.38
29.41
23.06
15.55
9.83
11.96
6.749
12.07
22.5
22.34
23.78
25.52
27.3
14.31
12.36
10.7
11.25
16.07
17.53
8.24
8.3
10.81
15.99
11.32
7.372
8.32
15.05
16.75
17.49
13.54
16
14.46
10.72
11.33
13.8
18.74
22.62
18.28
13.87
9.69
10.24
10.9
10.41
11.7
8.28
8.56
8.74
11.59
11.52
10.74
19.76
17.14
16.41
15.76
18.16
16.02
20.44
17.28
16.37
15.92
20.09
12.81
13.65
20.76
15.76
14.6
17.55
19.31
19.9
25.94
20.94
15.16
18.48
23.61
16.14
24.68
33.16
27.73
32.72
18.52
19.84
30.4
21.07
27.73
29.72
20.33
25.34
28.53
23.34
24.16
15.34
18.67
14.65
15.44
15.18
15.63
13.8
19.76
25.79
32.98
28.4
28.22
19.65
24.4
18.32
17.2
19.16
24.75
18.96
27.36
28.81
33.23
32.51
29.72
28.84
24.93
26.82
23.7
20.52
18.95
16.55
14.96
19.11
18.53
14.26
17.11
21.14
15.17
15.33
14.14
14.78
14.55
7.934
15.51
15.07
10.32
9.22
8.99
11.42
11.96
11.17
13.1
17.22
20.17
11.84
12.18
13.81
17.29
11.05
14.64
11.68
17.92
20.93
10.71
12.16
16.99
10.61
10.27
9.94
15.34
14.49
9.09
22.84
13.38
17.84
19.69
22.41
20.06
20.65
15.69
24.99
23.22
27.69
15
23.66
22.73
47.11
23.34
28.64
25.65
24.39
20.64
21.94
26.33
33.11
19.8
22.74
25.02
33.68
32.48
29.83
29.5
31.44
38.72
45.43
57.31
60.2
57.51
48.01
48.74
30.37
33.78
32.86
26.37
28.95
25.81
28.31
26.97
20.1
25.23
21.86
26.03
27.23
23.63
20.31
18.14
23.01
26.3
27.17
29.32
22.62
22.18
17.33
20.47
12.09
17.91
14.3
16.71
15.5
16.22
19.75
20.03
14.55
14.32
26.25
28.8
14.5
23.5
38.24
28.21
27.14
15.62
13.33
6.885
6.478
9.18
6.731
5.692
7.692
14.18
17.63
16.05
17.02
12.65
11.18
14.42
15.48
19.87
24.69
29.9
38.32
34.42
35.25
27.76
14.27
11.24
7.297
15.27
14.69
14.85
20.45
19.37
29.44
25.36
22.05
25.08
41.57
44.17
33.63
26.56
26.82
23.75
11.77
12.45
7.897
17.51
15.44
5.797
4.694
8.28
8.81
17.54
14
8.93
9.01
5.427
10.55
5.451
3.319
3.886
1.974
7.926
7.324
9.05
23.53
31.37
31.65
22.52
11.34
8.82
10.13
11.75
16.64
14.78
25.44
25.06
28.85
28.78
26.68
25.15
29.41
34.22
33.99
35.65
38.08
37.9
38.71
37.05
41.8
37.92
33.59
16.54
20.73
16.32
18.06
15.53
13.89
10.44
10.15
10.93
7.174
14.06
13.03
16.19
14.66
15.43
19.75
15.53
21.49
16.92
15.65
14.1
21.1
18.08
20.95
22.57
17.84
23.69
24.56
25.22
20.06
19.09
16.63
21.96
19.13
31.23
32.15
34.47
32.62
34.5
42.3
47.61
47.31
47.8
50.2
55.68
52.6
51.83
53.31
57.98
59.22
52.78
45.95
37.8
40.62
34.87
38.25
32.19
44.33
50.99
47.76
48.41
39.97
40.85
42.19
39.4
41.17
46.08
45.82
35.11
41.48
34.96
33.73
22.46
27.21
25.52
19.93
21.06
29.69
28.94
29.26
28.53
30.83
36.29
31.92
18.61
29.3
33.03
22.21
25.92
36.3
39.29
49.09
44.04
53.4
48.41
40.16
34.61
34.34
34.36
33.83
35.18
37.21
40.97
41.54
57.48
63.38
59.56
46.72
42.59
33.74
36.31
29.28
26.06
24.1
18.56
20.67
17.05
13.54
9.16
16.93
17.85
23.14
21.48
34.48
24.03
30.26
19.97
26.34
24.55
25.49
28
28.73
24.74
17.88
13.19
15.41
30.07
18.76
18.01
34.63
31.76
25.9
24.42
10.44
10.6
15.15
18.04
19.67
14.88
22.51
13.21
14.13
21.09
28.32
25.51
20.95
22.62
18.08
12.48
9.24
11.95
15.58
14.08
13.76
10.44
10.09
8.88
7.918
9.52
9.75
9.16
16.52
14.67
12.56
11.68
13.19
10.59
13.39
20.52
26.69
26.32
25.9
22.76
25.1
26.65
26.55
25.54
28.29
24.45
25.5
19.48
17.67
24.95
25.97
24.89
25.81
10.3
7.08
8.31
8.85
5.642
7.622
14.8
11
10.13
6.349
11.62
7.347
6.038
8.55
16.38
20.23
12.09
8.55
11.28
9.58
15.82
5.01
5.371
11.57
7.749
14.5
16.53
16.93
7.475
10.3
7.622
16.32
22.41
22.29
16.26
14.24
13.55
14.82
27.7
28.71
19.94
27.77
30.25
30.09
32.59
30.99
32.97
32.12
38.59
39.73
37.85
34.07
26.08
21.26
22.28
23.09
19.13
18.53
17.98
16.35
18.89
15.64
8.22
7.423
8.65
7.87
9.78
5.924
9.71
11.55
5.167
5.457
7.501
5.365
6.797
8.13
6.119
5.245
5.214
4.511
4.601
7.769
6.477
7.61
6.949
7.292
8.23
7.355
7.398
5.506
6.796
7.357
8.48
7.9
7.599
5.865
6.171
6.614
1.263
7.129
6.859
5.825
5.256
2.31
5.879
9.78
11.93
11.97
10.77
12.95
10.59
12.85
9.57
10.88
8.25
7.699
9.61
7.122
8.72
3.483
7.495
3.878
4.953
3.377
7.185
8.51
7.322
6.685
9.81
6.855
8.33
8.08
10.62
10.54
9.64
7.094
8.78
8.01
9.35
8.94
9.62
8.36
9.54
9.54
12.46
4.408
6.92
4.824
5.764
10.44
6.124
8.57
9.45
7.597
9.37
5.707
4.444
5.145
4.056
5.209
4.822
3.6
4.213
7.714
6.733
5.732
4.728
5.284
1.948
2.617
2.141
3.658
6.118
2.914
3.318
2.065
2.741
5.405
2.97
4.839
7.804
5.4
3.437
4.473
5.255
2.83
0.731
1.793
1.888
1.652
1.316
1.084
2.219
2.417
2.219
3.821
2.335
4.385
6.812
6.129
3.989
7.415
4.074
6.27
7.116
6.984
4.446
7.257
5.459
6.322
12.24
9.63
7.352
6.482
7.001
11.8
13.05
15.36
23.29
31.09
21.73
20.23
14.76
7.877
8.07
10.82
13.31
8.94
10.43
5.697
8.35
9.2
6.83
8.64
9.17
7.262
5.475
6.11
6.988
7.538
6.4
5.228
1.758
0.963
1.617
1.943
0.239
1.181
0.79
2.173
6.057
12.39
11.53
13.17
12.25
10.71
9.68
5.33
9.76
6.899
5.842
6.71
4.812
3.048
5.521
10.97
12.16
4.937
6.825
8.02
5.549
7.379
7.051
5.714
6.126
6.772
7.044
5.323
6.585
8.5
7.067
8.74
6.425
7.595
6.876
6.43
6.676
5.006
3.102
1.735
3.051
2.491
4.431
2.805
4.603
2.093
2.8
3.649
1.705
2.259
2.432
1.691
4.303
5.962
5.265
4.341
4.076
3.602
4.07
2.812
2.809
2.857
5.557
8.34
19.87
15.69
9.72
6.06
3.18
5.489
6.518
6.147
11
18.27
21.82
23.89
1.362
2.135
3.98
4.063
4.804
8.14
8.24
6.304
4.866
6.498
0.994
1.09
3.008
1.362
3.706
3.593
8.08
12.17
15.25
13.53
13.18
10.62
11.01
8.61
7.906
8.96
12.84
10.84
11.02
14.24
16.32
23.7
22.02
19.75
16.9
14.87
13.28
10.3
6.763
5.779
6.125
8.49
5.428
4.086
6.154
7.206
8.27
7.81
8.97
4.851
4.732
4.278
4.271
3.553
0.591
0.804
4.488
6.704
4.954
2.827
8.39
13.94
14.16
13.56
5.377
7.33
7.878
8.98
7.867
9.14
15.74
15.11
16.21
17.01
12.48
4.775
14.38
13.21
6.586
8.48
11.23
9.94
6.892
6.639
9.36
13.03
10.8
13.76
11.9
12.9
11.9
10.24
8.81
9.76
8.26
7.093
9.93
8.68
4.9
4.64
4.991
5.731
6.808
5.569
7.804
4.866
7.622
6.71
15.03
17.46
10.88
6.79
4.459
10.09
11.84
5.454
7.038
15.39
5.545
7.317
13.96
15.48
12.58
11.24
9.44
8.38
6.198
12.86
14.61
16.45
17.32
18.74
20.08
20.74
16.47
16.09
14.2
6.515
9.2
10.29
8.74
13.38
12.66
10.26
5.268
4.76
6.849
4.777
5.127
6.083
7.186
8.24
5.399
7.372
9.65
8.6
8.83
8.99
7.75
7.933
13.31
16.09
28.1
33.11
27.73
14.84
7.907
14.92
18.99
24.09
17.93
14.03
9.72
7.396
6.875
10.95
11.39
13.95
12.72
12.65
15.59
15.87
13.31
9.99
6.939
6.546
5.167
0.888
1.436
2.114
4.597
8.71
7.49
7.88
8.92
7.525
4.001
4.463
5.116
3.284
5.335
6.18
4.583
6.151
12.93
8.52
9.4
9.64
15.42
4.715
9.23
7.759
9.1
9.33
10.91
12.51
15.47
12.94
9.87
10.26
2.703
2.228
10.12
14.14
13
12.57
10
8.79
7.555
9.2
10.11
8.79
7.426
6.227
6.407
8.13
9.29
5.08
2.84
5.269
6.503
6.22
4.624
4.656
4.722
1.281
1.477
0.862
3.213
4.145
4.46
7.796
6.026
2.852
3.583
8.1
9.95
11.91
2.973
3.612
9.74
12.75
14.26
11.07
11.28
12.8
10.59
6.914
7.315
5.493
4.406
2.457
2.54
5.982
9.34
14.26
12.59
8.66
2.418
2.214
1.754
1.233
0.297
1.415
4.235
7.09
3.525
5.32
6.28
8.51
7.092
7.768
7.784
7.952
7.26
6.198
5.808
6.56
6.582
7.779
8.84
10.85
9.51
12.37
13.83
16.59
12.77
11.77
12.02
13.36
15.18
16.21
16.2
16.8
15.84
14.5
15.12
13.93
10.69
7.082
5.445
6.212
7.077
7.971
13.06
23.21
23.74
17.55
16.23
13.04
10.17
8.97
6.932
7.988
7.428
5.665
6.723
1.947
5.016
5.911
5.819
5.512
8.07
7.58
6.58
7.121
7.843
7.94
11.84
9.08
11.67
25.3
25.01
26.93
23.52
26.16
22.91
25.84
25.99
34.82
31.52
27.3
25.48
21.66
16.89
20.11
20.51
16.17
22.97
9.4
13.07
12.39
13.47
9.73
14.69
18
22.6
21.85
23.9
22.33
22.09
27.65
32.46
30.73
32.37
33
28.34
28.63
25.75
28.07
28.54
31.96
32.89
34.5
31.25
32.56
26.31
17.74
22.04
16.44
13.26
11.69
12.18
18.53
18.76
13.95
15.18
11.7
10.99
10.35
11.01
17.52
14.97
15.29
13.52
17.02
19.6
21.24
17.63
20.81
24.78
19.69
18.83
19.58
20.68
24.01
21.73
25.32
19.12
24.41
18.27
23.28
22.37
28.55
19.27
19.69
19.44
19.45
17.13
17.93
19.29
25.99
31.04
29.74
26.67
25.63
19.93
16.09
17.48
19.03
17.84
16.97
10.25
15.68
14.1
12.7
12.3
8.5
6.954
9.71
11.95
8.47
13.02
16.46
19.11
15.73
9.02
12.55
15.63
14.62
13.18
8.25
10.69
12.63
11.65
10.68
10.22
10.04
11.78
9.04
9.62
8.3
11.96
13.89
12.85
18.5
20.53
17.71
16.54
20.64
20.75
14.53
13.45
13.53
11.55
11.6
12.74
18.73
19.18
17.11
20.71
35.68
30.13
28.75
30.43
21.25
22.8
24.04
16.36
12.01
6.914
8.88
9.38
7.839
5.955
7.852
9.88
4.76
4.71
8.14
4.533
1.563
0.321
1.869
1.492
1.492
0.431
0
0.4
1.16
3.876
2.298
2.461
1.86
2.423
4.196
6.239
2.662
3.906
3.424
0.728
1.637
4.967
2.673
2.54
1.055
6.346
8.21
6.719
6.154
5.206
6.089
6.027
6.001
8.46
7.435
6.268
4.887
3.122
2.559
2.1
1.269
1.206
2.36
2.812
2.936
5.251
3.953
4.027
4.179
3.012
2.881
4.913
4.377
4.921
7.868
9.74
7.132
6.019
5.822
8.44
6.488
7.831
7.569
4.64
1.056
3.845
2.501
2.212
1.078
2.738
3.009
4.873
9.44
7.038
9.94
10.13
9.66
8.66
7.731
11.56
10.28
8.09
8.29
5.836
19.1
9.31
8.77
14.59
17.36
14.11
16
17.99
18.62
16.35
15.74
15.55
17.35
15.73
12.79
14.78
14.05
20.69
14.21
7.16
11.58
6.593
6.875
8.46
6.709
7.901
5.866
6.982
6.163
7.87
5.351
7.906
5.779
11.66
8.2
8.35
8.85
6.789
10.93
12.52
12.02
9.54
4.162
9.46
13.19
15.17
7.582
7.911
10.08
10.77
18.46
16.9
18.78
16.11
19.97
17.95
17.84
13.17
11
8.17
6.674
8.56
21.74
30.11
27.65
31.53
29.14
28.58
28.3
34.57
38.79
43.79
37.35
38.41
32.98
29.91
31.5
36.67
37.62
36.34
27.63
29.82
25.4
21.58
17.74
23.7
29.16
37.41
42.36
27.71
27.35
35.36
25.92
29.22
37.48
37.45
38.77
34.47
35.2
33.88
18.08
25.4
23.04
23.85
27.47
28.75
34.27
27.16
18.81
18.33
11.35
14.92
16.94
15.8
17.28
18.8
13.34
28
17.52
10.71
17.63
24.64
29.99
36.25
37.51
40.69
33.46
35.09
31.89
26.37
29.84
29.52
29.33
24.22
21.46
27.33
18.38
16.55
17.66
12.75
21.75
11.35
11.06
12.96
9.15
9.75
18.37
15.37
18.27
10.93
7.581
11.71
8.65
15.02
16.8
21.1
20.06
23.98
31.85
35.31
32.59
37.48
30.79
19.74
22.1
21.13
21.3
16.91
16.26
10.58
9.9
12.95
14.09
21.34
18.64
15.82
10.72
18.41
22.14
32.82
26.68
23.15
23.29
24.35
21.74
25.47
27.06
24.57
23.89
25.08
23.7
13.66
18.14
24.92
22.22
29.23
38.47
34.46
36.59
23.27
21.81
24.45
20.66
23.59
21.85
27.14
20.07
29.22
25.35
34.49
35.2
34.55
37.98
36.06
37.86
31.83
30.2
25.22
17.77
9.41
19.11
13.41
6.41
3.316
10.42
13.85
12.13
11.47
11.79
12.35
13.36
1.902
15.67
20.52
17.73
17.07
12.24
3.562
5.782
7.522